91464526827936101500580070085990336510617324134047502045295175124206402958646
63538612100380973464423177188233606365165056473422555194480258568560924253190
72174895349309138042459790861326576553825748379445092248063433449169632332274
67300421884856160807609666674018186410606647038848481594772793843948141740993
64290212498790657591920520742380464762026669906604882288995135311006656408857
78622989244544789294873396285345922884414281130712681349047368285491183017663
111731354313742862161747644446953126026848022547308102787054609071361977066247
83905347472065129246245503854408862308596375842093071080355980208812085631549
102023840490322030175024050023305957270561706680754247954324840808058542464066
85316781842948924914087786442208654275512972035190509832813051642103965744652
100758817191832801529919296356492276057134708111759345646469536650900974209293
69136888115712629473321469767725172782326205120865136507189177817102947740700
109515921880368259914703594681619506689869988339885879420087475007281813689818
102835796521676560811896226446833852284496546901924634704418844654588482115596
63465866852853555578182641350441928010792811206118492083972435321877333316823
86696915888598058498439452096376762607355572324010750691032346834979576419147
108638330748258920050398533795164240591612483719598397185470786329950483611192
108878165095551541027484837899649032798817069434309751017155277636815192753405
101158285014376624084187795940659369256421132303269996017168881030147017200926
110211508209685119470388983266002724851035939663380398153350548435441148875559
107937979877538407381822686588783624878875901139093181143533894556380599434844
95715443514209342087513758956498427428185710198635655413798050561575521494294
60279739374970548099151408897774020316167212710026074253888001339324121800949
88176381532927262387028070890160231978186317084746220082567478992740958134180
83851932103206872474004020677616737262772250263087508789346107266703436812324
89234134558126550107605739226779733827305212854048511889407998244643816900994
107142875136173105876920135067446072828438500964378057388675807834832047636124
73048703466803637512518011895782514380052259567705180430267993848822887997806
83446834977741131407844387103373301883531027166057554608345433271786675281634
72896233568541604468145647313620715395110328192222807890818732174007437397642
87440422224911568224614768865833744680513076677796419530019530762982265593515
83037065739745376730004117772904486417162140582496423474928491366119723666937
114553325493592419427579033031960154255230653833235918141863073165219439131067
74728866785074004805411399895542777454534804179403775262609513040522835699342
95717077740826005965759714668003752973154350959072779817624699041996352139805
85641162458088359892004369186355098518941450513274559031714633307439392736643
94075487927802078082807301202915893197859135049724987693807631803745922319349
103380609266471806862824681299540716082295119315206430980520371635074424537449
61156847453192532669156716928883670609168066993129118702869984133838347110910
67233628495503844341100039280664283187612131925330120075992685916567311632929
115250917432711237267907066017158304260694525358219279805023769821550561050825
90259141522462026886912154336953794384586788260811818480466904355945599140612
99379370359470213353010596976670707513634897137286150382254041718541045401417
99556699659235733882500836315483484978636797564927152279918376438705513414782
80336886990230408612335707607929123450954932416531145787506663115275857751344
69459488374680269704606985072161068967427319148325843776688615207527105766727
69377103586697174931524705930892506256413094989815631677225126792812624600215
80171524005770723510501079608325996632906530306868006420076505235238794305671
67556474062011245509631875922858354866515525822297658913191482141941170657206
71754028048843982304108424206368939148638659728709656679459712457676455311061
94422577056955310083435279881980316704555625523096873660617463002096832010582
100853176080266303261223083228746815925472404692215695309330433376946485507760
79254093056291681697119896026589218538266158693555293259050270858785385165839
106086756803384459846221376564188526630448825041893365861612831537064633226865
74964548097595649284534592602161614608666002165679735968987236477147229429293
87050502262055813352372530432466706112462270817391124542772124079963682018435
74720710351023699328323351175360247454876710861839865506699372763527424552847
74636567150566521894245617202895583986224481586752127112402512388908574921495
77089648567850615312594302035759999019111062180542120970787607201274783413076
89684608254603426983134568711603361646531928922031854396236603164843413979132
103233472244047354367917365203851286421783020842591854856760952548096114693186
66154870795377082788179103609328836401140214582639825424931646456153611465851
65042163312204383439449204081701314999723235299385240788890857765907805617706
99071872930582347476581186211722802726779949700297210189350820460605140215009
73466976924968594621150120138418475300068313530206601718637822430924310355731
58503708239487548065757330684556860975071597995387947992343357089818076410460
85047168008700048054776755213244916791867176228621328542077320141824453871594
72563835172585487119243282219612056917326687728276202212844297154508807026982
73747448827317956714808346357000945318796289967457874356675485537921716365006
71726739348376081189463554682735935693345609592246132936290364652103906024894
111024803022715385176005281658103425168231090216562578714435404509154048075210
100849129907601621291929285272772306178669751827928868999022128188707680633976
94725886440126723628868610290958258658979630712550167295342290162229142266901
70136267634255511220817792256197763351620759593430446824483144208675845338067
100975096365416005631518223813835677412638047801803264799271240555192825026901
75354097313493380633213587155436952690112828757196598783999033212905946063947
73320560286641277428824496597255431143903323191231127454014449701547393915232
82468210399333797654106615705208481250791571405552316116065885212754533633333
97447572341238914375081967591209262387710644154835297312674535640826715082392
72295477292461299468143952529106454435446201500198948080920477148496992269659
101657992115986786343230565466158311530259996194249653587758104509266486444768
67295156647648976949474454808349974808638566014436912163769777326252526140584
94507969898416339282946423371595979249216865831338439692345560042153577602486
101692276460243226176471926474282053321293481612007072925849881464134253748974
71788744279255615455188712438366904800663186063355239937027585110847393635984
82381940011122174270086513830957428839793120918437173096709111629716953759969
68190249564402193121248055952588602477836404166707123475051620581480676794824
98713728984664199775583974738987284872501961214249332321836003124398372307671
104082835974417531152903637187283655889818410053308033476014850864519860695210
69478932995887246073686573734731078462420748139555948430548766709761475540684
90190907829018654252974154860455531587216951319788564755254463198745412872508
81417765133572814447479708756638082399265599319166198702589529496365839432832
95104845415175646549872609872201656055008838212670870465823840627016582103442
61085743109613284831089578914206112667884999423033155174798626547620841101754
109553698250619562189334929703863271708704992034828526130484923292341329508963
107755286408217643868484687098441551903338051821212891202343958958783388590716
78324453662111029239472374728398204258803817615308662414792848740081464287467
105470974746270153503643680132044888096950578186656291642030492661314877497243
75674197606170820106611809650494054241566776296778412000893185245912569822930
94811801644917934658105678220581302331725894269807865268733478152880027857580
60044373331832145617735627066524468243674795686657372187988396717270435601416
98284262830693870998140429494724585444478807343951638971659638117960379448814
63368152389257398695876176256981739275637484837705895874970055616138116646436
104039010893119987143505666378589054562264878443953793710937652872624904896608
61932410662132888783277418088842060717890490143810035248946870247863905673094
74382640883221414441986102269702497278443023971460041992712871949176709202103
95552669765412325228088005686187773139955389998804206769040204025715107575406
75935533351346765392972716523469245018389195547233938557338831763781315759389
93907909235534475070844137703154380371649492893224126027393787654339476386014
112381626998832681797251423340778527049249143736344191069547641891672659713312
65609763511937445021773199810428881597763561283254117616881323774025266233976
74613697982207063970902264964215900192112893744612005224842302985676518918215
65623761118661683624973393655790754882632131863364400703985613515669550220091
84238402240760068154225221675194238232108696614993213570046623136972082573881
79538380158954451989336431483387703182093444083140273870127406489231652450500
59310563816842843825627501092345212836949143509243063227486815247773013824367
101275642815902616489447947881206199888289824999906441288087309181893386491545
94881898154970594641569921894444466859911973384810302720413108732853702364343
99940981823857764820286885543700694162133424725646503253984295827835372201141
109069708478443358512579985508518948584588717708052375328060780684048024093265
94495694385446787762450307244388643968275585569966201032359252371611651505645
71749196276241718193887373687226310452299552667987317220100589772771170082521
80113244750540523867837292689074743181029552047008821104004482687246481609139
87246375685368250123036157401766116341861584301470450985934738640421922748981
101878577026169925069601761009158426680326716020710842292985520070443094970546
80939506240590969387436192407041835637853070886810742093708298984168682287007
72521285481202774785381353425597483676212547499301743296775484035834092685740
104634450406090969041842361004372252182476407132452819569928261578033814489304
68734921789505588567784727643871513203798279148552009060168844575798017097136
91445078410583544512063725676351075069542505789352964757847065733336670448371
82441212310466848351208802328261684334391671965413602572637449062606000115721
62555558966592241920351868448807947177887726012864804381831996455485153303368
80420300001897774416028399705067660985620604077367751882729986046475719264522
103904909909334019877593931545175522114925413166460180042726313923688516866546
111587977280034791697994105170123353323434628706647514384349613891912142277111
75416742443880684845180744620440387851208174982057035940982366171159144642405
104135276651889360409569426740652936982880418168606316083830596169717739880012
64345926494483997975058251088804720651735705331961486742198944363515954967976
84543931626255547722276882901972645342848110546849367108913864207179081686973
114274383697951759812726000029772978741765303309708467671606295508001577519365
108765170558742188245704734367587715464358833825331552651641892778544308136100
110386626107255114330509820587480636916493787782388466652137074849031696198229
62482496932691844988912642370904652296462871389343075258496235747887920219327
97403076837379458894232416867100970157121279620459044752522606619036042635696
59509612105711901735690830137853254594469923505789535602142396709377086089825
93697467378359619598386160487516352570956801590936765302415492369806847646035
109134723738398427472039859816328900456285341139358386126150600998146243614452
111162154701087619440143288435474171369658422029117242109070390407305394923928
61582936646873225727279075761050956651309902108488585077064859468535117305696
84193046230507884412429455344984087628586893330849971442976711614115113180357
68200422496323910643816700858818607584942704318724369266434630071483295194768
104247850117838099471388114385998957599262466054085806878214123227121432193835
76275110648349072240167887873133148523334989986046997473462264996805852071119
75069704150397847067904608107970509478710995749562672570647932171158572561318
77587268364751422548719767289311567934616208050718492685644142615857928728877
112185056680688962779705963803056569396010030927224983078074594004575187791385
86310018989137401439913532624244468275036627668623523800826059038618306514593
113764601401174713442518121960230095139441034663433157406471361979232646839994
90631653363020224449080007156183279236038808051653860783967861050069625156556
90375304570586366572996575686109584178255542124255967514420483685269997373196
110269425815843470750612761039997124858255136558620134359642449568585280386355
86812366231521705362377985568330898468983660486621887273186909882283989993415
70937966270505745153254577272315408243952980691582887230500013881360543681429
71443710151876423720657725734664759877492809034838551844786825424469984193544
110440655015693439618134162012429681032843124824552987662025749808775730088224
78892273829645647998285945824126152531275661710571593735946052596820345899930
96567612138601911221177301255010455987114611605279596350947825374376823123179
114799056247382620887083860113866241398701655347003293135155410877617776784569
90097683244201546475111261140606378545994970935620222249233252395968647464658
80922554987837787536752251661634497179836844349784211303115834588441830604529
74209388969860994328245416522074679922892381674477070988490895546559482498363
107704215453539875119384883600522455709816877053102459898731531485972657180833
90275584370936925341937121163106148129089445235456511627521970684197939779305
105927584897785879599163142900266107708703097619192071492733274518692721950355
77396557490501786039084798011625873557089508567563536497002799899388637745683
90867026904814545495832335050263605772529512027052774641666240020131044484972
108027443311617685258852119093190582882481177381914793571646200906397242052538
75806851464771546642508129569378489424556351963350941516773104522952345282285
71891079018051577439485189784251309907414072866510253964822668942973814974300
93362618106672678638419400708946375696907297822991685996265684146170845436163
107717685892313690241258164151938350468593429271997471458090512829156337213547
88967687000023535257988895904974990813622292815952322927584829214928906657145
95568550892601752303827062666285309247902158447382741726867136414321055000968
105823655029634205608802626019412151450692879198928011389674000344765274859030
74991392061322505676541596602725149665567836988751912651859124597065987851600
65373072152868739041596174661904302596731999019419236336946008892164235479809
75206809954950373809834699549770002005364931580497436038476006389367873524073
81763069643720340642694954132582337984482794834624268931607333319737811667057
74122472756068614686418072722107933162752534946156723333743921366922343831312
84575746918089674381287195431872399272328388858839010537499528248807760476660
113210698977572309137221030908231554745708688279966337861908370964287829086260
90365207970264165205649032389466349350458904268892100224070234126825818411124
98712990479334080961680008259800032853445315915576167633902625100509764880136
87184608051985144509447139929668342347202782648170989749274274626928765962201
102875499520566971027599259352103924674888382085420259573437057943908063097456
66229620163453505417099879888849573729042049075659935164505471407487298124161
58590514252794656388882436750946850077243227606698434994707385790667337853553
98079232672803603029804076601949021572733607656612364337051416334174972135509
64530748186132572215866904803471435741015553464047138200477099290962907649165
103165389164502687555816183839957113966233786504246083961440648209206787452444
68221423439076173124001001706421959380162948462176190237167493561706054604501
62426156132867571955961299694290570832168322766275907844695554449972861609132
69732655750507650416385570773121180897553258754056777610866423305649580390881
80222125663683784631192217124495295591701658207803600910634834012569450680056
68087816973080184545685469026743802983713282628066002826957096389734747117592
103737423171381506278202558888827698099045420016799907046773619325249449895962
102111868888267050578389490218876260973613268193818315047490452341163330284735
86803845305168934172989343885640226551316857548680392457687939396532206804475
94801928381876298898080428169454912302230889606016031415339903290983238495337
77851284288025948946069504346404243166504755143916345925888149103746036262148
103592145670236987481253727226061167594115560587826617797700176727115881791922
77358089403974599200300604070278811673689019385180233634488553283397318571074
92555095002355385398851904069199843699320050670518049389666479293641354425453
76978052305270768962112557390481124927911436330932593603901409601880309511262
65371358364081360951601668056714747466690399280554079526608353321181641779820
95500837427261766175311344396195777543326546608659502158745120899175610215835
97599706805286071083732076159924110739342168155782218663083317442753210141921
90607110641885061667525823643718762816211500506940810250937992308467360009621
102512496688034004660320366195208123233966045750792364184943195167326764586145
100524696751845566366311940243440641431767108980034614406024918762634159472728
109979928020471021252990233044905227429770031156588253782377304340582608788528
83731962860834125100133783384294094163680858787343641713733402782622273060130
64877954651743444392182149777728517304069023617660594308123348053467823578453
64843551817220186623659248297108252850750228996804705931299493504225787337967
79330270162737096889510653730383356904958176634683537968770121622252257428337
59042823782935607160032624783053616412881854510472997851438813724309178508077
75832572096073232104607066569411094399839045339705404551218531247299539798603
83489629482582925949530244184484420774080365535974062176936029325622791987971
66574351305518169449031770370326720025445861110284041826927562064078096433655
91928160578519478379531224645577408407878077181236844039891837582509635011168
58963459120461782883877411323240451826617847072455836247893828367931421742809
64868570342162068689642714767266593380877952165971079351986198346399081581988
98785165391746464766504464825003658266953224655837150791219788897027990539358
109634171983578415948409280161073438579233043171898926684279934265146651059927
96867428857569613094655401902197701379968581647001864622913605934494869112575
84598332775711786135529926544435773485392617888202078193588253323271674072251
113700454574184675053854328516345432757069965719714131183247535868907229007073
92240527972528813345921543237704420000695086249013363540663131829002803943024
87927119019840818492252616055366355037980436562680173235901238230403219791430
103292090583648944137289421159003334063205759561851712729049755152466909199137
114355998961514283473662616606138067621943782183487306872604819722894320041143
62105148132092531355331346152595741659095679174799749765148848672147694520089
69171795226683141190951029328033601536196428099454218609881434244979594165061
64304775968118125702374228070114758407452285349274297242624281208358472917335
76331114132632723380149909270254961434047883806146350077160360534492476980074
80502058561499343188465270724578916511272608345602695420498087982792458688134
63958297778517096312150450837765671476294419594950626508093768534454340870464
68613019212029015622973509652612232313092981992791030504007101849490054388567
74886197907020117880528087351979351516231799415019327823325564902800537844731
110986673537504967128849179262191335326256461747977977697867471831227102072725
73688954462566649024089365221755848696058703188492867111053171971207260528904
68578417384688373861332628527497508773474583592653122120589757502786526621608
59362628937742685291251736139422998815227179032920630087611531127546964704406
102392809408406787529368056131369461029486434632690127615842562811559042093296
63822010246380174604280314737879309223652130930549644926022150058438980572522
71663008709627908126389512931554170740361576307606658277512566273751527566758
64848783801050342294359904672468484978627082192469872884966448676786751543323
70400926488006605081499992683481621214654039057177196291515841929714316842094
65937545272715570707039150924679140846954036877072912805793358938332967130381
104549505980833359022391837188565183554969989419900910378177922324786308739498
115331201105930408291035791257968503233282233665401362926265715310607551851864
77556593804065921608251485410965524112399262173042614359096139207930791320434
72807618091662177251074252770113053304922122651565616791111560844450113972491
68362714892789113807609429989069632670705275701241088871848365086750481724311
98018173851235258997291637268895425214809888665119369680356798404495048369211
109508650864218017703344429909103312121294177265380977217525174063733665434251
59706417486075431530721739155357582732249312696919424133333162190564291165644
94578661877913329008564151498522986146946793380307556364785188555637799747256
97690849808321123580786255204490222651213473044160761287017591462079021225294
75299693972861460200549141804702638564003790497193469208572648578314919473123
109800271452521451966911853684836278010569475815329804767150305802524830052879
97476636130188022495873157285313133290350094265126447914439654297138340873988
69656451729836232647565180818602550322935623279949381799124603684569058224413
89456339130819165805270642211136344421489944605708345065879725854754142021185
81431315607640379835383943952748193289266349901491854961773126556340888214484
82530975873120924123490788866648845939689953674281690886741454149583626112652
108071442013313434941981364834467920301704030188819457402839885387611398598582
81062284304441047010728319742296779187158584490286093616431569142039762789436
76007291102001344564207175039126192360051782885602972671477871814457410850868
74652953710596677397380302866670653020179618343281894825939286130870322440834
101529548091050985793006432244955693001048710966635029408673605872707723806033
59703329819504198346259107746362090483126197721112546753073130472559399156387
108759332597733928864374566037708905815445207686627257130987904940543551997222
73341473037771981657203503551649889272614110471921514055380437459713053893679
90568918738860794379856746241928487770527848238240214531871549471115166435590
107663931788368597098064452550691712890067152510529622047624207873027294236175
112391120198623613238257115153339854548829806401033286266945018623412280680384
94588826808279685669326081098933973453247413376891552605585682030832489790698
95410245848823405621348700414811695926439807688568057374864693736711462953948
109830244011330711474304078084937363490794317121477205524589012202578454667768
80980019857599638077186856796540875843793850448683921466129164285922994749802
70337112393580856704487005365213438987450225735673691143350333677987109665605
83071254754793417708856503655805600299747411446959116683199796829743778496447
102447585290144314929401826975347891974357656369420095193684722667014339590477
78499125085573009415497082610511986211758340768973704043589607142247018943012
73025630681435027198150675719427588525109428949772182932210111309788058025598
58228977925202665087234032098279427185576454701671090655812293227790063401195
75981402646891072597194837205302115106068343215413715588634055756468364334823
59773955138372239806222170486817765990868271542207071296303460167066608660411
69920194223079006446706020003194562909734528487975579041752183026383578855925
105399405669765955761781646190540134780549762970042043515538011068582091505917
61806990648064338706446001903572954228926638988786767571583625493131707648364
91640371666431283377857092236353832122190217615949772712659369939104445710175
59778302192047391547454480933996779035435425818673017334515764057178772688878
59861360563889379056991637668909720819633927543565727045462563012783135878917
62531750803717272217502990627827219436484468966639613626130392230738550221098
93966990786244075332874537570585494805136050648042279560679448608079093005934
94877174803421907491315680965890309077990302443671037192306336785064725983734
110647385702384810928075060784401426118356033496818646724173212127308299259656
80072951211407994953539187468443169106527080934055149625991019775157144019294
88232126094584696823845733655664156848590842076988740020669477321837149469719
88334519981727784386872154348223816354691235697557595694074035292636828144168
96035236913407206161895601750969720308322283069364896744502023644541978460298
68121259074325198608811604267572020044584205502192180807369683556137195570941
86683598156074751524410992433337306567319978278704302293543877392276551018669
58201149750103346407609111054645876024290278339767198624686062057593555086762
115627295296400168890260557251774763339401302534265021834479946068970800315268
73684011378142114866982136883548685941613999804973175122156422155729288964274
95793659604153937858353792506156986463137418771523762601519447067637469176465
70179613809597683650554747100075754499007021614414954988056783444647046976521
90187975653392223116479988423768393059240360878919514159794845828399651693990
73672310005020300206987783572475884883958539891112920875372525936982169965028
75563943344539963473739575598668408981554320305284026152448718606808143056840
87867071523667360835588496126543320109348231287521471167973394345580942948569
78418373569664337044318336712388637519786221584862158726920480905231277323713
99798178874300540642672522848797704999844466144651993903749103522279528312407
59320668682938704105316420962699068797451902413472760915903401854888322058822
88018544600176471991864680374601473082549137574626479597702421205817168658035
102201927830437512450625683622402129742060032313350703271091916085685870899456
68124507389537979315786150299360402476815914849512539544833226934292723671096
88868424905899659320686972401919908758451026996758848756600475003792262933566
75709259131200073204162125336505599307721686480857797259961176100546820314724
105103848858117813882019528076896276015915940703311969973463982604258857892656
60250915025570075247945227846295379878075292604242306551223270738612582278839
67846511939338884210236167960299726628814073664822241399625335476147019364895
102635521624071279700536755316285453566376678981360203530470684177651093202725
59186455979791234995252225542147940326547686546302344397694299918691713855396
91761520948030264960607325322059167280178800329129458556641280500987218640425
107477566303278751240856634394586709937423764252814304686939467908062220923469
70290351623116668060948618995732014410535221784198801424509662693454994896862
58965910000038906838998189478948157595262272939070963892944697356123787157189
98889532853903861320384137042326186350751752873871849571499544148071366657451
83957462346769267587984614128355211295953994478835017304753186284076381044493
86044361639051574288071699022235103305272820617775487235212084453689022634833
113917610270253875278829942385667005098180189093764929554878137388270023698229
102900344145094371501164289511927315383503738914096289848531076502357141778449
87288182918815296176748098079537243943802298828776134307830294677435407799386
100076285670262076302454814552875830943050095172260843505324555162587337022838
85108783899849920370340747717517538203759643749745869638843912465264607019005
110513620408155538413645024226260794857924769874852862252242422757408268356235
68418660017006787204298217185470400853734636010665672035654724746586436982465
69574166294336215161001703593636115050846693985470224993509039962390318221188
101988648866035646026298477328780438911512238435349424461180468287815918729272
88472099134658478802552884722986325906143815142135745512700598657818686686104
90308028784631274817976707127710841043457241427405159190751759671818565423176
83052533784326673844616027296806021677172313432163486664062937974764065780172
58669165211584878290500140620016078452179193243896418536895282208925616202180
68588121321239684215141073602948808219062216555843424637154755294016279912818
101321102465688936401095762193394396891054685782231866686129193190794244691930
62304177725915470747930723950970041780684330007573744569262083801659390294711
64487451871811015400603655783690355061744357151550122901879696169916403392895
83997171298694638888056231550107153390798792344215880645888592260354838622348
77763516062648709064752518346513745895442821134331388177290049260647919788513
99093730812508366286262075963663823172285166820179121605250815451207504071026
111428386284382916730971274131103353368212461471751276405851607678552653362447
89075615584535792096164587265246607938862489726640317330412085428519592682796
75057441990433540272219419527371328883843387883698855443860806564745383129853
88789694885997253699719476712672029913238427601526706057293334591368801282442
114950466254003374825892738452795753499116440839260317862728657914424152811164
112767381531188586579958633707059856187121145142185759790493978126292647511685
111718179668427593453253964859594617165028095023770377957369938222625252928845
77776901094476213076200816444729419313857650443866508528349838262615199854011
94441696338284055413575496189566802885590938418724407817236766498565443479588
78519240927866355163821547276946297891530653981012507753534613759477727993924
113936394754741078972048240825086385585017922910905155035120089787112446690507
99440928992864439826917823033631882466367055053958588603657314328193387410393
106393337208327339262878867999121096617779830982262593006587979766613992347342
111427470685906218089144953220216883024809453202020110908529382754955915257359
110942075501432399407750052503316140735841416803094005703331041077246825296271
109243822190152094428305666505688891452165934444548271907030447849475363676809
92639725394195081808220705397609866183741356839131422286218546464806003064510
100921000476086920599075363408260973045908159176705011558222847862082737228934
94445264375096868797828601525536276559193470334269858394738885372548832419164
100720604892612116019963908565564025070916460151018576691787446940120199542789
92544046477740278827303020072245003846946719083863078181552301601229949282845
58204525379159739876658118019819949009706303400025933462449510082764872646293
89098156374573979299219626874705605853455557698242569536537076421060629487758
81085956498391244160308592790323781665551389879446731342788796633345496513612
74337745056942578650378084379062091821285298935580339743284233454737572896585
81545978964658596707623404570178487887531460905693160070926259069248412488465
67584621404855971614205896091952742066686597813658979791240425714731686234629
113818516435390241724179017836373426983780287579706416410113282175784490197838
77080781775435490315626079391233835945908239110950123291505867108834212358438
95231165637369656627250892324085468830837513460493218619930313429267552641942
66057410853673509661474372487178679533825910421290703881450320321312151242057
100170540522580067635071266836284116635732353466504298700819998973468908768397
105530273729192589238279427976870492606334480197655330353399222797550336461758
103234673923197798963011036175870966006269076655816062657990298418422136758634
72239342554709324647960564686753346122098142870547715433934231838674506757560
82348314055513494813941045966625834210430849441095105649658888879083653332035
108633221510443557485235339859212369055578817581133392602720747881509770548166
83351948515863157724780511029065001631973289995741258868984206360915701631750
108664310661350979389488967411349410210674384313801790856740785527390256263362
101604560919699010836966830456833342086531343707888340857544136841040656522409
113643918135322044122441199299748747211258080071586864240520853976776725264921
66112269495164162903417539909935166168528983594700843149058431352372600766720
72262734719116333879748599622443820878571573499666061945951800749744396934293
106061522476919394061676667990981414680643019358634537746012501294115023303360
74180721964416425053307441641053745651517087254106352615982491576863060865124
70231815729807173910631021382670217271775690554656782598156987342433693958779
106173231390427731354835028046584214299284619086453254115729613104602272621079
90845258920719161236704754818832142862641268359950301035687081162991731298235
62390080033639248935044177333116245439569837704601022416210259038536466978217
67017117167066104802002705878194430446541218210895526931618213703667912450102
70777989275902060028031773545910587576461029281661704218621678595974017106336
59805401999093075672367968712027776316061360744648687134326328553312463801206
93159043107635548328399719446697230760614447589764012975405878290710880923099
100448228667217254272618810116965193033139036767944366925933860601734158740316
104769757655039196750333039683130986427316781717732382789210912465764244410264
72753343472303486371038170964445681285963312311208224645781255597902041167982
74870522654967924140091834367358603607845663182296547004700508222359754066915
105042576953898588654097505832264795670899680060755778757160699495374427697945
112248983093060851026874946149030575093124953256045976969791156299883447525156
95103407915557514393500355149135499170959583002616707285789674951141972935149
89206986657028507202596048855294426519846355864105327643190071261510302108115
66371058597048844935049450850595886506006399504152137073512462736841538477389
106491493290585465256698455056280766752493159356396148532681737715529163538570
66292273073856222915131217093362252852041655538697402640291742530411274297285
63998209131057848408396655802694761790166804414496433324878161928187902250690
76460079417731213269339220291831677618034872643939755333914912471850100916065
95337258743026059766552232971715454129226915257256624329316526358781050612197
96096258361421932207318290697729483039019203395267851609428571783768629524710
95396111756099684657305957920828960207991813440774238364055154981973193852243
87029401312710620967286325732436848714701954772485888824936304038202416640924
106379116659262868159937916828559577729070878002063682189673248913464853421292
112009947673986510439258401757501204147580155550177241567201158996321858769246
98179874578064184575509266581962453404105463399677334783183129056136939586048
77639853264836371701152363793457659595256530035295491606566631645791327221414
96205665955625847626007949477704218207269161619556465548465865087410425864018
108022885451232992972470464792636320549281186368570095599142024555719224694078
82435571237708043169641985734444033961115231413644406437499556205098465981521
107374529763920873402454401161482461310070983912096733936366950632541851638350
62178778990135917579777163427478819080911677228761661736750224740956461592440
111496340323426403430163421501067718096734366660779243510597273382739170734273
88266639037994614712801017432746817935338505807448018586816626723903518849131
101824588682462010793254756031019880510118574384979398055996329213395344172383
90478792203449370832197575117266522902169816109306674428783585564056595435303
60750675312076894165677774717153909327032377448914854850009582367292529143797
90306689439301403853170325632515622385534811583598064329374377480364081526926
97214652546572528174576875106932455456718689966375854510673172274954950556436
90549550381966473682218178914120433784794540474468257242362873371194725212968
93379884675475855966569660219676347944926624312939302678916163631253268794849
81349032560780608634713144707263389399669231075318854571703448053771766425530
93689279229176819298334307272949922672019481617471079401381740754588793780424
79516721843263411826594784778601416139573111416772063805730069485270252806924
108998809002735820121209643669281020461006454083469949856747367770765360977117
94806718770116646827047103965734237015260401005757685117121109647984121726075
100754692941558799251497974935534715296876537913644383207532825000820502680830
91347416273047999091451955858021059545333633263854642495661108834834274116140
83257225672956621536908752004572388424310117133420591983298847803816806093664
77941351449942397923560491929225422655730727580345328734273052820114907925360
103700507046889913216832327072991955954019572666415806049892649278376906644433
97605543066287411927092594393361929572336470509001759590773654709309753692286
91197322511419388515665704076542961159164199897474005149023467057787424116405
108522777776951499873349290841023633885182707352252171169324197212540054060478
96544266865962517157009412296815914110943679850180503766340674958938550598375
104014390626529721168663998410569466693954555346150927683787490891071116581719
81316687960554404415920235964252115898857072806724201013715380290592786588857
78650139267474702639984618548757419798069061352200192388162357240164300567725
70982561623577247408704414708412017482771864087682864415790969816754332190371
66737582968374551154075684959920860396593403164577868505788737222087792350465
106893381682656612916742335414452842458773894208884548972109603099542665527723
96833192292034016944308602411888654451778100835250788827919507163558263532502
73262173542839165350636352713867746938244719572022188816844146624524931955949
71160108926975457435001751098679848599460563422183675440941246202703424815391
71416014795893603090918338264745529009472640311767262084863542318577290606916
108878444386360804301603610796104770101914754757252955204748745066003220130799
111025308787056235246806145278286183824205990786759502227440636423687256651112
92959188527672621480516220374002292860896564192935505708751168735655317547640
67380962288499420407508517151352069894760576835766839701493763398985346501526
96499558547987948213792072759278099996968934920559782037627356296153606344228
65653056317159739200173006519307024920274449283762940393826509749734442486299
112593647623762804759031251749744230229836598067802851985484597375490620025927
107097112181591175321261864540210407795357566702775259159542877498938504697827
64374989550355240498994634510212527993435537461295428495878031324270751155681
98874283951400713547152255449044060419173465003122426906073545578727315893525
66452403038185190065202628124644938138846091119130116779416586435725983623322
102340531941538899113682454202753253298129111462185175176258496721292034024957
90294370758739871537274385799523526698683738038582441365992123620370448130724
82180769908714121925072747657603410274114460542250717378300606878360079359201
113631172174022339955918538100266880249783662625875524464897973701246931660717
80864086833312096758799906510067018767068359822168477597087261366947207869460
115450753609986178680158770998288558029743022162056804452535571120650655090568
77180115807571037787099202275988342209626862906141440677853601442841253133458
103214859033773504577971835122771600710999804598970455268167315742371311740129
98080249162850609327427268334268631997358785723101402822411151538258332872881
75896550808568471941559307531827184237620168359196046812760469947101886678397
76628348679961764451956382682629649723477510366481475105976268083896615590573
85973484702726295789519830375255910653897593304265471445505319800448053975644
61900213075643602996825080595430776441855713505796881268587209400276858416731
89576004297950495590057434110496374981340463122581301983838642899542545075205
96537428235067241100944990767809392046884980477558912175275491420454759293677
74452269413727696909354399935933218270196215042248932921794874987111809466488
87422702752536329758058810480152674997233429297449434282674041022264965429894
97342856432983479695745468487987804532074884771177143465908237661009824515515
81621681786599698622327699884945319930916508866602673238592007447554967508594
60209980599550335801594051609482469238374240738428090805840104563304602011785
61505436573409869038867758352002385867703312810633409037935310117491564056417
104952374770408213042731974923944636923049211095231767293648940506359001659377
97159044045077660469482582741498329667016704167710016184791180491550338305425
94474819293053281893645210045250136790107938293545374344330400747539209713782
76460300401254817481414411353548693513204231799715501896605942429673911591191
58629881942931244560565884794386916842449633533059149426765044925403373472680
85503119678254154508596854960666914949027655389459212541713257523695585799590
67242194314791323576964848760437299314316859290448987906504234865803960200278
100885394832490187589641109152824076397738877206681283807606352146794938506308
111858306978911406365387955904450123165116494902007240710995427700078394521269
60200337030881032984618590346795565921595583169900150459694790229616873676935
61418041698782065359083953839217583725812314440017256144768681954596458367159
76203545315893396691138640646310390238688458159614918606072557259671057365600
69550556984329989404477835821632038287012975591914872390844114890827442903156
110251572301061242498346757913804208601960541069292221420171650430294475173583
106908448724233207909777599092593504431546030627417123178200000963349886920179
73363407313101374336076874346446996299395582996413143368549337202799388195216
70621855001639633698791239079180788333431024187351098163652148715063992946223
88227735848752510287125177043310828309146122530544114180562396773954772453900
78689969711773821968523091827773336756394480447359562081236886834623759556182
61554450922997255779057374950291675784461976854643579231407559549752831154005
95363014150558942209871508134628927918861755394694160096160831537018106577103
88583486234709695202149738430372071310564079247273046685424959651387223895579
69546129260832205002525036098544117527581092596524707245893805308871141792737
64796471830202487120074693427288574345414451880275235880960661910976278433956
65725348011078608388430331611515172285401311527700914010988282329569341435839
60699372295079133821983676780908536322109207697600976851163843622288021122005
97899070770456328579112202172082741881971284477178276801527627513724917336836
84297998655543846738485285802867669126761642822860003005649854183723981548995
66803365188677723083711400818317657081337332506100870521441761959032953043782
88158539552668726758837401886409486853692858503529182344075480157046930987452
100078932219384816381279049439005038328964349677002096262055066239069514631651
97975680879931595337170130632668012669916284508636049326562981172434074404290
91356686713324246943796093325924510471910597957162353085879004816294890178614
63974049114693655134844441673813400296885258807880919726790797479905182680426
87006881774387389303711881054362751574930011506918438311217875365921061901467
74754766027081252534884895149824455057173211532516486312528069306833597345291
79442277544862160814584937916853120908863676891013748129779026822846288057909
86657681213638909502308471699327376381787235193098761875685159461849849963091
59121583379104920715128783580161158893088406338451034418277733812525541858958
73998130412353885424119629635068015280154581319523290630579949085531392037521
63745765138155044419567607219809189744857049471586369268697017492758672736030
113589800966268140387424504841591351161943850601269207126077017363428919104311
108729140824738363542021386359619997078264571335806641203541584055819307387121
106383661893445033208929153655627761065593108270735878665348344554841944357114
108123547156500308188848108507066603171924423988383878184763553727539467260370
110637189053819408030735491559050813834543380998648707185402260475953057527520
67301891676911933898154558514799861817040282226706301649688466072124115461501
75093759450232658523481131614155627060923700192309521732685692559330883052819
89650395412993879289469085485204729315432450126037024378097636051824107407006
97337276253712369938849705332503208161451237765429026890413389071162841967683
78662640730837855356349142261222333193731899094447740450868472633780292291518
101204459046391775699439219674946886241799782068824584795375934079609017875197
91139738794021042334906357165793192940883678124170719060472247593221273750987
74785254580745519118978694084367055983560435813591811026448901128078554435543
107701288568408098705069988185257824669850483582120711622742776120236076130837
96589045319956137578957649376638013788786824360702765308400799848154420099521
70986551182297393824368853685302003689625579125066739564807950962838738767143
68688034642242114462751686541005239066723198703584489991956118705783285013223
105688823438329249477061521761135903162868145458286398035016292678634323589893
78858384396384563692731367584082799915846034510455737170784010364389171047808
62109594008497743350246282572975644503375371063632698435273804717321050342881
78295255945372983028552127032599236597190833335488936616772284055656429274585
113263261372171895290275042866019038771173901509606728018494035711069581272180
114470039412626496467466118323068858731036989540911109475670239464829398145871
105237734941833151234317595048546285906193097692802164334637526681624194713277
93917318304830648849116407571392538236955867581219787661156749941531937381870
83575007358960447842246582488505980379089003035416658994383187103910721218477
94632384001734955622078347474018196772985292276988052481495681685415269090959
63695361037463204655878692749265917222490564287375577421611727943245348048458
112851893529961499519434172943474916339597217724510436371867090475172831318397
70096760594507144176351066681775441752282574391585289717450321498816843673817
100850153006004148790133805918964311271888626816222243683862024813336994258264
86167048247365435150088078862605615959026244003695064093218753035422867611972
110365171509125560070706875877552419577679478270651738516248241619614700772313
58001370766145653697174232171879748285921914322900081301313812159476578945102
71060176528658093963068719332924176384761768543991049676761914961684745575260
73586473474916346312411167762231387903687471963847129040398896200270819593206
62499795191712079728533849523846693589212001029732826433376981256249336279562
58797277837989170741041927866324837660330903236517121191842164513398317602875
92875773796471643945365743247908557198770650040395436306831423024415314706181
64315050689745969449968190978359157072807882325675655382813740868707709743209
91272636528526317840422269265932124770952302876095007659243738981678477935935
108126591712533423155695379721356417907579183098362900346003218900990350884450
95235812435252460545766067006402908028583965410106896858709044052176853119042
81642678378805911507908926873871929435112737551891813281632122664167465671026
66072980399807459502715839893821263052906691185274362439515344854534871673343
66854801346584172226642589383096352157721108778995330437532957384193621749313
107585300221944866048618885445557703760401745050554390871195635891605871022929
86622460801960057413026186594443541226222251279243518531741660258104951063665
73346392688553299264026623619221994673300893345369818606614933789161058554407
64110107700354517437829473286505344668588550990642853021739617985768443890751
97625883608475144817494740848845042815007373810435495798418239389018363952088
92108848322593352524442153938773474435691461833887893734835335691126689942263
91145155418118512132126269500405468738463956377314962442835354116645320188274
98325693277968399445812525674764119060533088571226927240197191700959474594866
107237391771539635267021844495671014163810203801399005930543365617928950439276
93656347816782386496322471224599921576349321485871880151823489860338169367477
84666097352881361948098362002244203305517023960902485763373766080732835726864
93569047110543985997478371823684198418305659536213785691395510993635847517643
79204616199749528475759042753348071000216447034722141735307879896869416612104
105117550589452142352490069831530070030885981019490135070469336687688634079686
87165789779472937343080848178600728185626535559615877682621964178688100883757
90249522110227758562464174020990824713986905551898908101288637286459770941430
103635279982060217037417235107821338069920763044494848149179608780484425332813
115212407832599309093018219626336403040161139777903922381110351467528789987905
67891545288104374281229828427467449195307321839490754927538721302240646953133
83594780417287459935855589569348622021712656471345026255026037197045060638109
91997290450941811885790038011890655431390576459389169613951857939115884245374
86989985299299444289727938778540640050866807506586646371339042776138518192904
72906746673884063045192346628350959636957429879081816678439598609618808108181
70276460546218935617016919529792451388769044546624515993033629255306468722958
64876888300286882719332834775994875249968583969265460894469235875097361025755
108311231475440825054580465743069215744436011325572983442578859962368130672935
70571905308204079573708238852225176027867372001467449604820903577621108735799
59020256828220793371733634956318446112183373085358096828530404384555433863694
78814428015887370147509931424664552367355744497858180063920875929328912430680
62770771977225600464024217007514759002744316912223421497658914280122359374928
102486378323120898767563069614077473075096555106759193441691727606222711597372
71418965479582399410146391984010738333101489376290734171815584327050898632455
112285250261164266849910227402187897642970553761842022412613579263878029200741
91661872816549142292808276309764361728088765802831363225702219808761772705542
74285669920009810575723667013498298047523012779590276685133479105156559769222
85600257046518847319525892310870256913500730345742638498361873765587192709323
92995041630165169660490380169725312249014185954789526065772726968154395135247
111396626526782759078046366652986477737466497943581422864748586341049088799034
91969184407568882259736425460507192403621931945970018634671170473862286414187
70899013441429255573479600525535126034642598408334709860985061161899684484586
69823897672797801381253980646894543799351665546784762664290296003689356897698
100068753255399616201203463405182587158870236768920694181198119053860877261549
108563869489146103710440379006981676572725977635113460191220586552408682399301
102724958007405282782502147920050934054397397545452854556854171968933744904366
69271163597783722672015598062996912156011070443349514805030970079950388194853
90985717995565926984459165516488783933498829117794634264797804224549050642646
101790010835066567357840953236192650161650200988040830738773995796420533625615
71882983820658034237440356544412521070144198126035398517085577763116231915101
85316914923065217743770801812469714721540758829963590904625656356128782104702
106618411365358723014924007345085173475153505109983343473303199663895779617089
96053729746100069797922246507721761905384532691446382148704866683042156206377
73912092647567962535097485259260545300076902389097512402756148917280817356537
102269177524839616227974825868703541057374403662371741465168809810369981340030
89366081114125265387740589879005488182200153380460203567329323410710289170224
96289981922623137664476337145176692412211433679231470388845978584057745673567
63158713490901198959581110277285065719148255286812719109267721411387934662226
107483025274557134744141168062190473193709222184829758052387253008559852592179
82228436804148363030164704699930260333860593390176451529818456413979946460728
73797024762135179478164572614219725019496558600436462429318081250437433797166
80701114010884596789599973910775968003028316851408806969676729376874683640864
90169520043981658437351817384416007602956028391667121247026982936499646914308
113063736508364682489181519798500889376687121339072223672010201049512345186012
108647030042389965384706805639401487442506222249719718511970746517115477640671
89826377187852502132619437821809409980592405331831659794773681062358489484446
80239519635222352358464806440997537856873200381963296825656033119025451172466
96768179552914437880910477886113890936870259489719494933067265087973296025658
73130159423592056310627356797739638921597767718026347299310294303683427442523
85101177237258209263521652618443977104888303680478714098343364248145809713637
112303450970202615884781103123447746933092779732713314252762334380759474230264
79488589501332422903625301990215676072592018831789456415133850282726768653000
106343696902607897819425352817898726519474658424608660716023151075087343009478
93321586891289367976391631235814483478325825838169036349791460938918781500812
91017940876741429664561552600813620520990196048722572097449974607069274904558
91509870192102025301982366831786517770176170587704119690143072488359117570359
102657202608074486883314713070844669446851547495619465370166332506895454347081
80913129284167652473214621689584371422324652538141684255019460354511723289901
99427582925304189767533732853134605314994772226990600941816626167064008933285
79015698225222574385371695879288558415316059068367265074886133854117002670809
112684031681397185404131694074191080069834967277912822312625394575074944993809
97321591759270564118671322417809243462588294172470943975380066004469828965138
97669848886504659782235006760222183079673019229633678202518491284939544631553
91887715572591834518764892648047950032823495330474778671864685307569588178744
107836008636596290442337977682057770020163880216342130402838280913150677297445
77559173031213943118401618000847911789482818141577716659416639808654056829181
92840747451700008454736085878172897713813819405334741335824810582116158612718
99531966923218325287125796058459168762906297617588641944865928106022675043680
92692126180917774248205099199069792500766535990769293413882212853363504571789
100109239013458132043391359562211407759501595746244626394941968902245499561178
105695694078248187734321020268960760162145062139935202223533267228123168071954
98827821942179955979868747820262655104126817262577441555667043531144461759918
62468901069328748400673569662302392058232938806126450998092586569449037232111
66153066105289690063862615935636540875435299202308230270019358131627383553830
109826604714622868549276115639979096982880004917623501317204390254804873028097
114726020879103812773587415716851591677360562655932393547228456679092521815134
88400996058943041461847923657763493670811185132195230832773965647678448150364
69080267044775877005455263224829161687688029066504880429880960164553463212837
66612433325438344302182531250582326729599715710359738629555383233729285598003
107235677299925813942335329829625581723598095258252757060176142100413617006200
89470604773677407218259718118751170724710218979957629241459164157142941116065
109721103712047549303785204122699512595736164252017307934833117069428585598448
102554372590105560720201687037774963540021739224209600918822153774418994694793
78997836381516711690616217905374704207725059952687748912461874162249241824159
86843358299250988153751447492126874103320955138671599722617820123559796579307
79923555632512429625656386046103908364744868791690383519731789940323328075396
79023371386874609556994002899237992360363615834248081243847188995900375391909
77364040590462864321802460632038450810690683272239574157385399279356783263709
93675724697969207763627402283656816196986699375696346211885408602497953701046
92296291971683939750981050249929620323427824729854888006069061203176734460819
74326572617326908409602337807716250924654938970755327173178420567523895637427
102864478919513264978606189837716475583903326758452591680635523312682189367755
111264524815890424582503249149338783814902800933015138122764806794293956308824
58004461861054773305515458767766872331302722076279634346995401620001310027780
66842643565282099442468120549602238680561307324252158079237290300576384715982
103506074067351128723223101025790363037892609258232177805542666629942199135745
64437957600764632107802678911892057650912008686669917904963334219811917916078
94404635442210114651951127948664006783264257163035574780120238700993040071685
63276189699717961084828635938053654483985431154916069359689467656991949943272
89706439968568252188345035624103289868177271517739707224502557137437889346681
73339688233343217408828691011672925195881505021442173828320739675960103787466
76893484439613919973052611334662678119992981711524725017520987137945696377537
97531227326678670348394280320229746824474546280370092160073211103488539515374
105301809096802338509150947066439146918436161405423012850649337594960656367627
70371299785245506531760985197675898143109693912508466131949630818565307883332
73294743822239852784724800954114970379226234465463635043673659356688915134266
61839737618024752088516605941196880851442468869773611349661200839654153825289
80070945776194994378640608160770908913056452297078956821716723976995130334563
105718354045239236033600203113034208586964258017612764352003386808771248963319
76152262651003617374103953813346175991629833901278212083780287008326565955440
77280441884457552358366286819781272979597421378346828104730697647149560428678
103806878069753931588838501220804427917577270613804862352976101047360785173694
69777317700291031788864418185248720570124005473131666595219778091018412751380
103970290701466861900115859902088370556482808117977312670479265936135602717881
91007867702580902936276474522732182032908749295345428281022920963703064537386
94569927694675612352829090165929409803283858813053158828660333062372704045388
95053098776169249009566593155456131709078920590078885400106134374526651078835
58321911713114277323552784712036585478845379436289656658412936235951811578241
106858994638103780654555962834210365456068099984251439760644539878012712486917
115132450258453911819645489916666990382708473585013213151123099140546482508450
76126819945158587623296458032342135769267579188285602425834580694123716801299
69580332400574496575606896876412521676080649444794979187663625948635548952774
63243818092905958281939721728931268723603091030926804270766940101524227140947
100876613151610858174110129183262955343394380209600537532943777967210102851500
84517631837301551492394803689826119498657083498193502586085879757993369046888
72549662920879918777185197661941876964280203036007035882880368160843586368498
111464479763607952670288305275819245302025277648256643604229878740885484971477
90171081471904406177621452962871441832637945258329088468755706003433236192466
76551920164415519690282637731309312009307422004402994652400803783394560373919
107831274247948789126631639275610979972670250193369612741756064279919727095107
89311300512196494443619743450186452550334528120705013717481673435125142566361
110409238062208548392835585293772013287221335361812238933973924945158842515731
69610322284343963112661390581059247419974757076093039762630299659387619811028
68267179303662349779454530934030850363953200302005357390840566490295986640315
60347985005916358479652326633311533371086918978364957788902399646861108360433
112275831826405851258299157857596480035150868346184893639539428567185859483589
63906165000871521467577434935276028256159810509625932462317637024713429609357
67853394079504718439117940941457054699636989738436974558889702650312782008627
114465660375898459011258547589161013018780153165478981284949930037782865717941
104168829875996786518903143564904430850459276498507616760711034744718337806227
97137232101629636613722767608139942811724204667262412919260367707780067063679
62561642511483828673705157635834614884766884765958187488299488169149324141692
100360510124880713079477871251611402848719368492942659394007509957670891756254
68688518441105949616226563993712879573292531917006164788004203426281750088959
98141830917375092101032680844899212672438231218615246454567269920051169768535
102515762411483838377069403541963052734622861745140549243706854809783568025748
107168420794523986829331867378549181003997275764162124217649024810879383687392
109172228050637429051317894355374274087651196787274853714251100907757158861950
113813022727047948873632960248794400951173143831058504140719871857464011033976
70121696024994944057799343398524259286575498578704795390118023041191222757066
113566201690547155962057971793074509794485320296374235431711256270858313700596
88840777711372575700708341804640845966544062714244193393015939584771695415144
67141018439483032876319686735783223058848775280106976023295616958894534333939
90357989335388849705229457493728753252479938975490127195596978433808547845492
61092331660004914588658494073447749277761968870841119093309569311851568359406
73338179919577498756679563171012126669883351282581723795878021374397423015876
57973698304402468809711275979591434606358233002405835481566650005751749460419
90950451199592154499826734930488527359894368923079790529950439231219568377579
103538115433245137688339413015277799590049924399996492203821930770642790882397
70650427631826419538499859829747750274123739266249869496042277017977480839894
101954665938776935270934499664768794106668511628659833313335195723616893145273
100657673284393414348484293420133294732467826784563432451224266784291186810090
86284452513973708436346057595487965048803227012310524744533378161459910318825
79698099101671929730716446101464671762093710173397757264005831559141529794482
97057036722954060869976815163511436489254724507806454828819171400674129124043
113082322410467679336000493306084126711286667949319151307715087404426577801480
81147368314306155344252371004330355256562095396640744383737971120718639136515
72006118897777395615675662257030442698296248689204290753532052183661267139094
111962774264875941294559430542806080450964403499083591223869543200139540706763
81950681099511824128594827294276233857134313993593448981117808411882187128226
71899218110295980220298245598028449582818682531528810736607829404297331861583
97611782217217610452347347531114937436175007315572025466633844675560361488314
69988290443465485848420941936830080367586241650333012944525169953599583426677
109361085220488826666513143710134033513468286169070867138326585582458403073317
76940359104005048101918918589463732985501640549307243806476014770377947541848
102428825981637444973954391775892163080715887545019481551578778060049749724870
104334847140292025993653844111368068740161143992060577625811054313407485416593
72658736287322926805936774003290350302684054110387344351798157794450966822423
65935859389418479158585238691556809010059249905913297713605260334280895347195
102642007552843943292205838952380011021053432595750916061695933866736288166851
79601881483767470029244757917783022760813180063046978107933818718785039889926
99334810836701456410219383587082618917275185097405087149175166022622617842207
99794619406435710807546979572152561106473827898377021845377234413387935432140
80390308091523766721041267330158260139023955706329809057235465411951968146472
80782290171784815368946021938178020374814315428419145747112737435244854307964
96629910936039853988415178673742079955968656604809009151960753037727196281346
92118814509254178023155408589235633753221031827890651524928958020095434245702
113028929668670028251299974462940668951571234314423610446055340705038213396965
90421874317911199321823068192260504992665292044519456270050796221258846398669
77649106769952512562435398675349963966646661460435140803172986872534041889605
79319575789254094204773902939348230606380831109580341933456353534181929081741
61826035197306247523417363529428526813845735509828810817652056965384590091800
63064926522891373958804023877388190198763552500608515242292044639876390522932
90097538049428174577558691497438204395669670908840824718494830021287092742445
72301854848799333903180169265717359380520998734479577269945415224131479641144
101700850529773792708269642512198399325953621271797252855474943187779175189390
102501225637279512206262703685956754453895854987835340476537047430972009426363
103516913090932552046390844079901872028383213890573409776436982971308803969486
89854086615962098765676152353835954645793400410568011673326230956906361666521
102203954891954914606950423433402252237332087292583509891206204382555425364048
88628350258718055385877161998954772072555405869964235488051812228391685832797
101263359544076477016119932464322555108523629375316521442344199115434805957227
109610145143969660824842489140548551022851139107106665022142131447161366523221
88285820839360929730332416008119406220006890955133824484424425804710558421618
109294645852830296924558844048852411490115428773473275150925626618131615188256
108262103706405893242332875793798544580707534675109724208897217980111859651278
110171571065678795999510448146361407114987146058696509130753572687075022505546
97246984772321399972332273493065295349481834853458646101738553142059895613336
90827577698533453862769501878269206126696854136114553199300329792750600065110
63026790781916418125585993313142662310982102217054563360538076075694778824177
92697702758083033970515391805121524951517083105391059146985794801028924870013
69142371276667263208039694953850990050531159283367099727523944399901422446688
60830017984848358796226339126568942831506615701812255958332615315718966333131
63439747122032641657881142343637785955312736437976537594182957534433549256230
78809620170174503547402359505899963983623407666207305043013008318431784445140
72817710767645212926263720013989268116708744242556952747621567904169348224202
69621029633919885458562140033739095556019183076979923685392647464782349933383
93941153156722840192735136629869406214523546200716467067417060277869132539916
114077680759963851709475129118616349371285828715900868077884213488403992882056
70816032613862718725913344053514768836912404900559446196199594955057536867646
86850360143179324874289139753907815016145306826185468644551518512482238074765
61965189237407949046899920242463590251279992741271882500785135090492895759628
112260428618330055523968142431321950136358994399025448229925623105854506835525
105208101724229243928205580886801381355794403969819722173654414581667169927969
82043885059710949028266884155299051086580150960135453707229476384324906564420
95569852012992717572769647534216319134712772506914393767651764375323208690905
88040291350846779376992593591654060755624878409593876289949059677220857384062
107899879568866885259763542888284636483613656866874084750566411555872421130849
70506410386159044354717729990007100032344237773508336397234177751071344660612
60232695252528844582353068210189591830619310117391221443131833148310529376201
87084952330770125382567000442641170171823509639412297246724743991170004451367
58151238474395728251956022017609055470001748861540998052030286049692785025779
98900934827014941766052133436194608278027683987646440270845883889237624641097
73796813752934865298903732494096388232352771033319783665780675422645367960088
96544874251823944640812145642124958365477281257948106814042663405763479888590
107431819686962926289156176158265132607500191375276359364462422685284232274588
102506099402166639401289436860980315063701556449601188589466899992805706575755
62514863392900655422088307314507160743273707376071146535133118671039317212091
70698130732823099520057628564885751695091806373979100703178219078131748481849
92080809272765298045961088843500208282283296575941519884689326130197516498000
74409343460563905770115728710481806449198255876309583179654668480095560068471
101234406056181924033409381348826947311914175853123352679321022877319896504555
82625282841438437970031923848293562045037100321132833121211484683417628107399
63835076304651284172436225095716049693121941930293729957137347405442873545819
90813345945747014612112979297569906384509112962889949441400938126626759132176
98259620223534195669331779828178878516244463974568198803842116673042688869766
115095026049153193737917964765185513603512733722075284805976244132710719726148
100881792026193290999369331627421281435084940619500900407025272881893408681219
93073472648544590199574555861355386389028782312888862448497953202743783663282
85554172511404731920197807604272731035082353828034122577099471112314949806101
99266700848817185215506870560772718353544985613261794330937526819766538489358
106123863350482952863796856337878632554217614094758197047013866947508072200513
103503299223920449472621614007607020969241244397489663446484656342315532768085
82473900290485342493844787654525063287250071154087059264984800849899300241558
76169152397918795058191508118451569616887969887540607662186772399755953250913
70950822256739752131206612933661438040067547177194271867757950414184112755594
67009063286492140513249516796818375809531647468851313915195663648155872971863
92457695640217195629305127782596756915387372520008721756974354778620130646730
112841702770622244059972956956583115667290081394541122886191034657167654243802
110290605208498507860651847596866336926519846664808756550459152951394271961526
67025363168547183039457156285282463410064979131305017823164810985802660343184
69381305877191260723894779739426669580387383065723118390169494287963431489740
58339490804352709388853445265044960335496557583248662583799955582083268169688
93390710813932867804079402627597692688024670682393822853309045309716050296812
76827061613522570474506319952673517430710545121328475162618324316305625563620
86257822336117533095884852585231484691083834802098041523037714139863240395983
65147438503773745594313742659061179013824198728845350384432722513659780760907
61963871249429319167570485180254270136915640964104524938253341384637164786590
91618247955579969136129364273531938738012706511765200074385722502820292751173
100601388770318000917192677179355000705863109484308559491465835793756174131613
93549669325357147604012432934734579142249405601952949069558301978502349183049
63827444043430687639795331442519158338738324461759621514165902403084752682676
92145480075050108901872802711251402486476602689201365621826440300662312702011
62152124806015935567705403499862405589064308755107844767740195810337430324288
93137188877055346591523779897254202982063064526318930864962191524191659644408
63080436699308199821206247137907907884203522241028539952834431705130261341614
110723591849537945611254259901249269543458771927130759304552860710821240950941
90641332362808133329188304331669954889473517393101639671268533587366521175008
74692586262053910101546072646239141430315362566425009773601624839943601959075
96318893731956095878866308662670900553453115498891959756901774834001807893700
83553249499554320600707086458305238907764546247685511155289210633789589730866
84043936328741709431329569498585080963730605263546708114662682389728719196997
102153199646920341444351413253703605819955594350794084957443731265024505753161
105792402096032152245990278652018472916783167109200376105603302302466469714640
106063046609431865444982988048195374343839981171599097850987169532665800655343
91937366550929314678437910474698909351092217100850107319287204329583258563768
85199807141278234621082616083210706326430335912182640572028567050017404210448
62066040914878068416483169440590360607448198575766996846580685573899170720127
69413699617064086622129858984090212682505466735443732489573187063993367048795
113697017637273317383281545600292479237379796102696923771731907948051118471517
63065020865499570352925549270974109851334598211886027944771668006473710298105
70774695874040786745687413418559184924045738595051692833205917925263781020777
114709785768333842252905156856787255223027595620862739143787083422680800798100
102584391862163467299306538638478586172666411000780843533485048420307998574841
70277792178155539398213323010773172656348087706275984104395710981071115676521
90503786131392124327992260058795564848772425363019805926748050225363501626097
96956230883385180889823385972518872336634295269655868368761987020404970235084
83477147540462408833508709555569706710596204359149382722687851436159229779928
108140847798080079416560333572629189616193339270400208769472588019890072969009
109707962467201924666382679187619312144956807576354277813037224118091951139497
81266478348057433322208360861942931665201101923420077868924115968357981525641
80580217384616890000547696309463927224884121461601884111234091622711871314660
84854436708754437144111490769018917613275723587298024144430969504338589107916
106466186460689351963403059462019876028156210665423057774477986355245388726718
98126220689004777467846004886182671170057141837921424716335505004881134070476
96647976214234106416288949276691640946636552530849088789046085255957927056020
112980469367349064615556259216355040722486779349273009545449773830075430761761
115065918813945918062839988753177513995765346694343519844835276793392775506345
77715410285135394149564275818017107946816496978159248270338855589396339075690
74607837878268688616033442065305120208934525687531501503311916281906648931985
82816213619589472303794604654246009750325152437230246107486470369010034717380
95367376830129358544095203456219711525261844543198079842544214591373976550377
106115109409739656412671442437177558192155134351044605521886545218672503726126
60048042810115600284327711661349028826872651262629832362717037793339459436398
88710045000124401764399055934644594492473264496583769381467494622322807935131
72315908587883319123645832201904244707167618238332659443082467103105701978126
82097573725964246820654056251140976982177106065146805313049375985120066266863
93876610183938268119368073197505814654502621208183833490162774495777328126531
71976396525275658045156176121070733659517264606268937171387921808730034084274
93459320827877702630720478960199055171431699995240763190951231092565516785552
103117572978663796880715573821216044861663945169831849192783388970823431158745
103558914071878903082916234180341543915703498174441086745070477940010323751707
59209472142206974274298609998616572935428114289282696862095989572011068671459
78550203192289200677590196815146077345399611295465842635215454995022176510349
70338922644998337124270555466452580021074391123919735010141541033788537414928
84207201918842451566017487827492696413985739511108443939878362145365000470612
83596408377552104459229982802687762398256433637927696792554796901928674554309
84214953763339616257197471938746432715528241503843033886095625393026280727651
58301120675468838171795614917442384790700662537237707101830845109511603856414
65548366714696130560786715751719433357316341921856135674722252860774853145669
78841277313006750689743285027889546291674233089558453530167801880293630151285
98519714761712134073596543778177011244404154427891095267918593625546140882301
110700178561362530561619625526740786448923856777713892920354637942698134623970
100296930139774745593741887969962562143998751493161194414597488622021599216557
106140571097958163123215845269555433318353536899577945816038739376777888049973
66883036485038833335479015032587526837757182195827716283673924389293124940200
77696333464857001271129335966176553255458508457005095876672700223166724549384
104872022357907099795588941505071328502600251689911227174411399009377999724235
88624072832849529920525377784924807580573670629344794567243131237342833104998
97149684311447873397714364988594980556446585828219960896339699821823485284917
95254211412917132761077437944715855633163893487594709538808347735128224878758
103132385012898471240477941807276020685256698504106289386609279640093908925576
79350441743870769880744263397018978485025824470172860893833359148585736743499
80053771465628790571578120874123203063525869013123607358063630861498600499766
112048866202090207135410660461818867351697318945459925986035464847269656795549
85897828434473611527431630021490358784255204392255644564106743699788166393890
80955681960666120844378937738467387937617725594567909439521175506662097099335
66231731737388094244604435571154057461185246126012684678492781244530244516087
79475524457733470459566355045028659320230014232861923886376231534509888741875
91806925914249597303959966323380157259221910481979000471960845053598664998415
87741607718361261501130942704252901692877842945585247753851459844534417437334
62452659369161813199414277553978642394704318587849221164006437056974356932669
110314652910847050413824971086371076960914068808983527202135894956159158133231
71011918261560712869094622881936815073429536385355672221749593590586568677668
73494298870394682518250319649369500391750240959716384025907252521419465987843
61291583453920348089959897862944681039852435073825760952911183344108490377563
66883397632281544705038182921519304325368749986833342927437350118411082460252
112292102005640482165309347029042761612357398687228788494751512357442516361572
74409770004922468983417920959027826675737064215706572928103867885643794164866
68435227904241219454380542081879218644785662308071069116205852845737782580256
84168377621133011033556553165958803293028523352702300474088035186137660557697
90253636837730847173398583560449074041331034897677510543992868516635965694511
81479841947927283992130232460175817653355907198508054527314741085441369550853
83556460105008352540345650268761061734698539938638370333949215754450297897712
102011820790266172159376011118637795483814097184202520668383701888087435128301
66272630169806448310581708387980198204899217806718559862928090160273894136185
87663561294116699446824642988898282351537293899868696903262320985578782515506
90083013089337989065364576992463816822302329668669747461883076395074610624928
113739224691641860124921184940688855728384364328817297694678396550474967170376
113544934865688165216455129602062555754883439221460173299244001329365027935366
88802838090349155920862787510931411477860403586880767396401794414907794605355
59470577547481570660465868408302312898038853618771451193335186365651565096347
84928011088463532061992237876343219507363124145066928188413965732580301243283
80112645039501108218251761392613004511631024737944224117377869697382132536963
78461085871705300987699344140622369375481835894147304350809684936267443182260
70441411504229514586897370507292134090349458076088644874148167246791230300823
76570740116247803512486847067223773374417548905543060250188370988724970492846
93685193886632180056196187199968160921625788865082966807812295469095054845690
76343322560674282666110511878556380506828836852369797142089380547760151976629
106634698719711495158577577718395361777114837691806556115010593128265734023429
66037024170830201974134598816194979293318204620093189927622419353561387542208
114305588206079045378754056266824889753126951568063536735188676481875406894495
81390711442114755136116770411829965894800271494293435582470993344222230523424
97176813926485554653229723979719924924753190002728947626228261200914171073463
58237235623156314975323437042975914181806048300573615339454579526884251747749
64898673035655184524868374490459957422648198482691031938316035805125084815090
96430635733560626898462576505276891807507731299306153904394832238464517507688
