76596672221819974385138842996305325841949828965295246920372918777436307845387
79900973168296163100789909408597631609688122775381175996892772733825544123266
63101406437505091905986920872341604282412719746860775604705351009268766116259
106539269015200292191944131478303939954078520770045781869678853976160841620994
71749438725365421603977821064170600953914844038097369910487186639640539096922
101040984601860266573780662517975813563749778575133243242964650322787647877297
60486282472398032049216025620719193316727051793828729192353808226384857355944
106361166187961152150167843829493856192474277241801888659528696958679460768196
77619693767995011015170075390329543196726306732282365587159839191227305531580
93498971630241564442169648941579869465357149271240183012703831305216510929172
70945313592117821770997174622469291713341737582874806003853125991054504378997
103615623667570312979753086798961238234181165340062076380230483924429964041969
83384925229130453483016124445119881400997748381581022535908017452287177867385
72398275030047457154139490811483916082845555590822960954547444209050161894162
95827585474515388199401156083579155188254140789690513076378440430456440683431
85086372294208223356071395387088798703082333669988361490966254900387312550811
84799429672737438729170606874582622370380214169275323267956064671534873066728
99248136990659614020692595300796966868476366319769003133643125618560483277132
68467728619752539038809732663116820397381043498342627762809159961517363350478
113481433509647084918884064367006050254198867337903057477033562950039234008428
68377270264435717073724342907585981138836597130935833287043330495488307333135
90632269843544502588795609841506944839670821751696867789059586315118585252775
85337599337497056918512261392750234692096395794586794392303786498829337381118
58253565352226398036495955637355986941933980737032397125183155835519990297490
105848734438695175089674409569177926714298917576302669184580316423230865413799
61391517333635305333599199047941826918457504390588301566076670718748380597510
69975836311998400193678415291583165207060278820065501362212458187386853376435
63717913842081540016996877215928377935563905801192416400412947705719587220251
72826390924915548634254240402755585879968749081036075340521357273611501161590
110184870987111681927543832846016876518202359992768412824619151439215446045595
108375442388230435207231626596211356809902269937084675324841298063994800251954
74123417960063087119456845951120081245586150207014663647255112093666067520251
76545571214005327335064118369127419675019333819693766397006329500044468176956
93016746905980799177147145760967871047654927312158662608403028929070199384362
114166050180050197476707936643247134806090690948835722791028951212249003323711
88101672749031764277963469804912439018177472423866956259635476613469323903599
79511513534243769313487285748829357853103326785239271046367662084633747869302
67997712989732279845648311271861885503735132302137882083892604782979491610825
70204037185858747908812769158126467684465487736681108417959212441409908284860
111651590699602115366013425053042904554336280231015622196778073567015315126535
91401175816548889273114398811626038043454286840914267736669532934398870591144
79264096232406930216041479715568468715873718139911504472249457078471890599843
94302518224460499980217825554044846107627526254362344904940226881231671220531
71771027201505677005221090779017587195889489058735696125549946887619754308145
61343639705408959589219074794453505298041044998246821474155491250364844588934
97654404147686001860227685070926702635316226993132435836580227938325172899800
60317974248270002397124152225449516543200640237531355232635902886752895485202
71570296649471587771448278370327008489883082092201672121962648308039614809346
59142534053985676106395577521645051435435955658691553795878886227788875114441
61582472609446547097484271893797924355427821793943939289850997856866569158107
73671914190260760658604621510836120915471932728973254165933558288822661549813
111543526246506655204217263522716268172559211103145822660646577060737847182132
81791281142675667610745280004005180876739222827000990889404517830229395925764
75354495011548347221238514048345713242055587103483106738301629341412880725771
101103987627896153602892892612024320871550504788683681909708244893044031853551
109442755561448961730908209022323852705655943577690586789769037992636485291994
93521365308527633692828595285078659033246953756063149944811628304329222816504
88528957152437087625114836797509749141150099066124986970721672200757000796036
94922925199467002960606639744805475780481551663830661963967914470877050274919
72423208894745006911795091813189484535539240140047375675682282133846169973593
96029133901571365403574120037976510766121641483494561280386653798870426148380
76563199468294048328276534292161689708487603084001527146215697942770434422870
107801054870487698816875905612065759815409718385483954075854612129302911296942
111239154565925464979345691290315118808110777580734815980801833643266898256774
73871636386520650327089483495507902382952143416450315474486453496261667184579
80311872270749266164756112071355826356653452010153351808876077612525617644898
62532296806943187023711169224122786340046259263205709927515661204114011412682
68566463202386744060428355382848512248672865715519685837936290790136113628184
95088307108909767334377243302590361072690312266936263837482059520815267457846
72929819234199538897371989836985930707408582601650479834093652356800796599890
83728348076200909536071511400045354177378161508746409356569691357240569779329
68186780303586976143763333013768986044469475019890144670608415771952333843544
73804859291464738992208180186467725041275564664964839391824743164620857870430
96256077318484565281447383271623051222629757633434760967314341371977970526800
76278466704061484942156502688708918800440002784718523236606910186639782520806
64488907274510301931781215375870089200266965069293349705846368330652338660482
102359408083066867336000815146223592259822900829248758550658954331121342130129
84726365009403263207389052934700818118889832588843810905599212075480029417836
110983066473767215464407144716409787137471855520771093980977456904121774925830
88345605561219078590798335063021563009515305042507220021129393179303330485746
98786197333967235104044885538673414049941850259870265214961485831889985655714
110363336116851959818518698371430318188316045325622802062893311998978920388997
65683905005302877311452094574223215348721101016594392204432122159988912394460
100330818405324418613599400413590502398269227061125656465823173774186064438402
106764331640687231676032089251647470882034235348543751799527303758806891107458
86862489197915597055282444719598378058051240542423095797608680447933763690583
66527752961468020505363462002497236565400832065349019451445049493108266301000
110348693844761739615656074231131939073692909839901473416742757932881006255612
109593913504944304827300131223410738939591108602943543946101752686534426901889
101233613091952479516544507766150906138712104995108836626321643811463633299047
78104032038136673752154482915127419891229526638733133388018090320333143511190
74228955112636835551797979056210630852173485436369263418136151556954094924137
68970323028917624195967151569140411472695446293176567593300465321517284215380
60235131877580970423831118951032094467904546477546588058613118382417911559706
108035180675658879892521645042505073761466580214330827718242767804014733332424
78048145707839507506743899175197576528516041561612291079247576280886124963867
71492973406823968932609965755351896641676018586082325217465441916429936351866
103020412298884370793854722803668830534560283274411521259257785779077546795127
103134038502018744847397409562293200221662163429271727654646611956881483469592
95092801329736892598031736998053929555406544839607440984731543217559100295830
66633812481561352221556104021454741079450863354531247445425922503100732859341
73423265756949739274751904527099771977622138808668553978260699699172968043752
105885675283395767645919147218245846415573352220023539318168905390910877696004
84781865210028951056361471712138578060684344686205133523935636928311007871409
63271731663145189638007432736503073392401068966972053602503824826147313707480
102707227835986867976142060310317503200411659742428240820461756476041690760759
62138956826028082453339598345627735913071344321374263030989918741784966629434
101833273514060052213920331643889988201280612507443777623153017459086077968918
92693280666531082130322453472870486256941357230044978952170578089951706975243
80013470773387627536801379825870535951058212646959095420536261001763982315436
60277344752715425945452751823343455316506441489922106323889820387399031967960
66835193124363559875904363104033205371454781155911620516940591796250262159629
96361342076611285258377142397657954648540212015622568366740633998738885702569
62484746700282514873105730762251392475080852971818633919999504658606784718772
64580171534614036986437283649049221820507071328077596348146994495289699656552
110840434214208887901711357257241166333624791483842306577718136693538359925274
98269803059259030267816325742427908276820762846406055538910841197648088696384
102713931429114335563101221646524812322795321402250124781832453266837937987033
62461778844853154692739313901729001024353710102897199782961919618252287872174
75176484509197938349076473062951496559568037970762587394501921816425877329804
83964053522946391046284840188589376544777538155056609088444708303267215094361
92868823618323609214894073619504235619925632899171984313712418559674861433499
80595090551290305193071527411879012898294271103407721073326129597469498434204
86338320648118773888793315565400489418038031920982786317914226056159867081800
62114990826758238054825727796993704620641713569269169056141047194827903247727
91549615806886204041376401591135627151290291264818994809484729765639438519889
86441674560328822681317613934898985916698369013774857893970665370984533726316
87532496862517409246978273089024666902020601634726994754977384059590252017522
95900213729717635456800237141680136230947779596632635955388197886485861392296
66474185593729614833778106897817925110292950355160073008307533905528840581227
72673197580516704391647343381204632770900074288811138001787991552659359468909
63602066790115717937588910973454739167990183718323570047845262724880368935900
102650572603876877800007948927593650623739116082718437855782901863400931073896
70481584207311489212347280670377940685354424651451739848042124517875179041517
71933979619801099834106985637504147300844268569630251751802332568971925150579
93454100070524937600714513198216392120677885101187981956663095329502535130547
81112866709936127188429998845146191147710326331984638149940094280837457626471
75785112223837378360839885513904870330220076050375108092530427667876140857859
98965415958362631711241576086130636411862666840331176519556951786224639342556
101349649797920909649390184858613013527097595578969132198928433360770996263831
90005914569716423696018252742900871079946515203292131164766946206914323452417
106193416681874147588645449742408346336439323562440829952280990983570763908673
113879957064087003511464498956245416618524051381089785951665865101127113509111
91431976330197404425396283103073148610094746083020702412841598070941689319345
89787461754910007198052133269868670520099736313261188726000283908060685140196
113406279782583769383981666497233318249002379142766919405680486165733850559822
85216090546179446160971180061853084371170289156901349578633265172667206236859
103340486092216012036681857216088240158224602673351353450374850776606936194477
80822064739987753592124444991652770553610592731551871625611543885599292776965
88246745920055359169115638599309510830294185631338816781748622651962491640075
98722836886234822097065607976982771808713842764052240795155589051418059309407
69799883520293220385731877218335575654774706683910615060249339798584855831037
90160371361085018134365304675477142782225460634596088355808522879068439560789
108784039033590376417749569420496318641787280921950206134392304373474431460488
89474556106005283628737555692659339871759823614097500745602900870351014373756
111479458336968291824489873766970053336061521824443109308794235098665937862848
93750286186825325947422732200019094157904695015436776390645273078738894531188
63303377316378383139436293660598587784191929070116213752717695800219078526506
101957963009431085224008919069533014627193453371101434717622710497367445587542
82535652565802833532161031545093277298519016277728637135211513027532393825803
106280323704458223399891418644805363981818952760210452181933665406867422128065
72641211692162974620779217325455280568507437541529493813677659934319060070027
81000063423518734121169468388610835461699109328425029142815657527366732562178
108107570371935170924777394139985239587125503238319814346308174419929841058758
112786307396414130662952946256094816824870633393040616338727930804819724424632
112065112629414766735493416847393235099809876850747934945280778739936474722807
91488183231132595215749377858824509664257466452486812640119116181505898894279
101204967982690691105460336933282542471720291538064917615746569237924054478184
93596087424667129758857041158112627284677997320532287011683285170451297140276
115339546381759730375787643506254782814465031310791640427506286283866587895582
81111674412134169305458260796109571659598982868519009823069327753011136981777
105348760372369602732822319303288907193997224585087012497768069202668409348478
106093612422544149697658772111659017084136272322325014695709858617056272245220
90761022592161462213341490242022684179317622862222743438996024630423715391802
107969137141573812410942064960153566555255707918687657313864337258536621359437
82131718657935928702120912877692588779318045056842503428788457490916051127753
88481577899731005884523074070279383760476227274694740810297735039619613607501
58949126643430390645919006769242258983136280493639561772412042562617342097793
100311061858707434811071491281380780584573940707824672664626853150348455663388
59801101076528560497428869096277933907573512787543748864889482258232646414020
111718942924307668249379544370836732578829460730707626218713211984270639754982
100662866790240118545188967334796487915537365499738343167870695936475957037023
113531478103097625922543907796125741804917479896110789138722649415919132201653
86348283011780273591135746054120535756130040437736626499613518151819698274262
64737940763039424056839831934510514242700881770753445020860046765332880933270
107951096294639283530023041402118892784424082765827899333462548446927909171495
95775025658287865154929785753662234019184829933642275275406577645294673330351
81944159434781968778784519935213927848422836897274787217659017290716826142843
91968416795126233051876969909047275205164149630723539346686784518915894288532
70161619313731808583967527996793086721953037202169393382883483629156130954042
104940085264454170007159124585463524347760814149650792779908056176483493559433
73791499039887344264463589993197032171986723536238013685975049447252328772767
81547451907449078857836751194266461259685935417256610264573878433441204872777
111985030103214349316985364850758334202130365488623109755720610529785379265089
92105547378472450482214451399576057397965580389223444521132241514872995224644
102730992432088612469508819649085802158034648738123101013087775775453383563139
109244633586267812776080902089452993287025514518308725282284924360735020475642
104517934455193117609311849439086780030835302164313393972266537103843501236374
67772210414926329708935218566828281156353978096208282685072269818247898793398
85193241816402052969695345708568983264768980190512321046449996970310575744923
68359208223560309493883863698839193081435860700995592808980114629061329735697
83781941944616004512909740932402035708039118696479320762293399949580797857321
114960709310709801456207800035279881702331670880557993813490289092246220830405
109133898590334809562423966267684415272628015720501621091539132394181255453933
74162455574217422377602118049571661885957983769238618139938326228554416915288
64118808033901885944146241652447291997454943539698987033892632902604366904373
86451342669083292116897843386106540384369289797562137045773272997648514267799
75676682671196380425567845133137304052010950444986410206165708782521647452770
106617752650083315314301628835110327124141978296138612005090911114843206216948
95938015131934559721293222729866860084674341560486368769678222844747751617881
95837679755187692414180000172407329618615267559834939135795989429524970849024
107283697015936919937817082516503091385056964058751259955189178674038746800786
93412863876034356043752079431196170475383133477589554158367055104316010261439
90508716883266360706797246528912870898429592675100210172434824667294366130753
82547515084511033172899102852963048558421013210107037321383479567141685872035
75309627027329939978144895950014853703951891295741308121367994525808733724148
101114970123950543592789850645386993145269471544802744239264463963170309808845
99681778932493309975490277518721495206630860657513768494547593509613734609295
114032549311789104494739475304637804700504942945275610031513195237162020765241
114720372649986040769101009016117206990277135154600440211245372480333047830591
60843847434061909513520693536065247903840479022314886374052972642923970437540
77542647425579172727615284901361860417422812432493931659621363489027191254961
66929914233497962646056891262744691919418657100896578397111836858201708550936
98745678750398179881077097933101538364892944633668162294021571534585419745842
105435904756745479422367184361409792544910659303568157155928110918244712357780
95019680861846683348193561458672390508563316873410285884430637859567036814223
81318460769841589022869418694443984955448043167918030198184407080559202475724
71619872071955096338411957895786224252878774884165894315687614603823981097679
86866188023962710643350942444612442789877260099857383048377773224645330475437
69205378228447416785093620544682488827563807557164771079946465587050348892743
63864753485186333491321722956866047629313434705515702497771229726506195347894
58020172931922510356150941949012183870366398000615731182423314563328931262908
91619252754763247047707065867987521825331492101961781422645395284113864741402
70562844324868171274697909948210011106726274491515340704721203981444434437860
105172988951938820753548588483743386612026089849105918174201249603589957219986
94727820268922757953493984724470652202742648613410280799403717377616879502457
89471340080318928092322034031365973496744269623211642871208085665745826468691
95493105530324788622964191237040828697176272539838729316306793083172826265570
85209390411744859972362102063928815256507133788169507482852311553861099374443
106952203758723778192703366572023141021532507139091984563553115802094961069981
100096884959856445977269142422521746487767626977327024126499886127060402157334
78382041812947620200631731318019542741806954980563028034992416002335259032268
71048991715926951661105860146555606326162480719326065123418503449474486773158
85555386363043013133152490176915901461725984725824458810372062381970349812622
81818797285959806585576709735686692062140738354269912034948012233625509301222
65422820179182037801329753590223144168565922892264876293456644745798223463642
98050003445099685025381961909165346595759881277897438807640233954288591143261
68848677965045326016293792760261840183515302758385474034544117423334862867935
112054096981143867445259120759091728668361569253247793538292984853936856814596
99716347002387849354502708997072244175108187542374718151293662653543596270954
65290906196728554444976814766396160981574359956103074024992664926976243676789
86926968515894972882598152567222546970613808187346041522973835361146309445464
75327991414361347022449647005837604552426705497203241101213164242915884481216
74890690712160853480448022396718799219185231060648474439447919666902409030275
103397517632116865096099132591855564181007459689808322713114347596589470534410
72745827787217543045032077164771777659787666847381010127289037166192076048037
95068916132310368525728661956334426912827566881739011838968432665863980414952
114326740386505619563160095191960308113860085711768938555599692140306499371369
90238873802498641999372541015956009700463204093810869377409987008523315938880
107397583500448310092990648230400414436335000504122815044029029750940264938968
82077299668071699449962061448745804929598029611429799222338436701644831896070
111432846363820765310143887021408440276882011540845433672153517419114130001378
106657232755272223130789342993219531117316139178333187236307361191212362049153
71964825670841960408453728089125461498928543351471644575815290243968889200944
88167600567828949885339459612444143693336216951561299477618650224024969724111
114272814345607763406474294949308100131193784838571004341446980615889736821892
87272438606387836379491209199453354662593035085506783144943140058407994969039
108135275517931046752094601730927797748391738123841572228125628464548330004977
93298005994136992585445805406126870568043085752800497282770312787585536192734
78794054072383574563493204752582276189880762239876919164408765566976657498334
84061818214077958647168903264311143722054279547857133983526310952918855267044
95137870379767734109844422499850761788633371505613559333479153384063555357340
93681860415315756408068619850742091560133103398619527833480489388010936579309
75788926027895431420547350823692108958113960779851063200283712274178401429758
110498284057625360544819873934033633307262261796430610915176614683328934320362
115085235953543739008102452824072771556105260929576709587435672651726842713627
70031088596339783829485953316044477985799500441081963333598651535433095804511
109331298030267307374486615524344720340772514544507881294766345912645052547530
77397821124398509774838428863675731511391471596437995464917945363711247480609
66002742019547981940431797229982558237812899057449486298268245445190087862466
114324969897368911473766996355897127902820699178014008985554410325984247045760
58169230812433440069729593108281616608974277604430143806109288994161516147566
76721993145303563971932518372023657901344974052306239992918558958931171658105
99756341001259136466680409925274010021317566265573840418809134703602573761842
108496671780354307243919383683913234762203953485128881294257382033719808462407
69056000541370365765729570267428952982951975408552331274412493117338950080916
85987773679370192371429383926644330358469464163060808399861059643289397495900
74727295646887297668478493751395683291351561132630046517192874900914557320453
97907122217675801333895142578268032989721622673655868292618493633151396980063
60048910478867690173843206032006078528258052202233026929758310622614642074205
96620823005454607454828554308045542427863213249143664592654635485942040327877
88456911518314160415867027036601939290208606737148614178571963827262978818431
79866618548531106100868867085928200105827738556047829748104242377136033843942
106273461093990342697372224486413733875098808300173918598300105352723311463211
108129373040233456114065403479024273787607472986241296045567603406121653655075
58750487102776493552481443993854164783163081775445252228626565659847883707480
90711636764789858380460332303227538517257602629878711518476058406439242629081
59820340298837928398200925171373011809482460430211835608621480880653656792662
107274790711384439700732652819182866202211423046570804276689452994539747083835
75953731129036664949806774002760970807341052437663588583697138134785383902451
111441247071234002993320905404701505745977640142189204040726287996938618155025
108222143086635036681043135482609781425162738612027695183859600458990814513755
111249149559830324432534916467154146695241549143118699462578922034681408936545
83795629384199270704831376481929545265389530165476549507048411844171569633710
88697953957621815887100655717767425428354328861945091146304011704247874896916
90146357467622064865776455450890740852971294398269535898733701705447429963497
100861506365290547489133830097697716058162059422457378498810369654636874589762
108888395706553842746973512181744637001778049238237874082683434143967495308172
82583921575367392073532941786922945198479027185268405279705203548784717976647
93811390079406793366175743594693475915029653686856938783770909149849014280680
105790585622317012894070802988714897424080463780464132361651480133011509427822
99374898479284164713683498844600243278919460917301765387626050190490883028619
61142553927951758584729870878707853444831716032608897399271276640161780208825
78393124318679073544176542656159169258183335322815558684976936267231389152436
86972829192421858751529908356280080563958086891498434145007081047452934869609
97779617632947068604470176038582436789016571001388553351279474109203128839295
73138763103020812106710540044343246375205773787209116702751697642483974699428
91369995944156541450760133969810700803901018058624965841327024125294960319547
94298562554423356565444932463693179494647075293514599851233569264376748209756
79111235604226502650415876716283356332304593900215417656521932304062249396534
108894284143755767115529078021366678498739696807219374103099266465425196999528
93161436592512895639749118817803232982284530640679331614901568693812898581044
104346397700236799316774506269378803521904210768770050652002205504641381592979
97344160118626361792203028289585227206523578756637967238883925025145631288762
81687549010951926675011189255186109981977186627155092493375918248528082425188
107274485192159950334343355438292845360326367338943554175866156447403472292065
76448323396178757893432106958108114406096841326248070150220971844773998790657
100777143559448230562658046545308855926304353210074465344445971802381609906104
111385053118942441411211161427782347504541778105594659679407016392549585690522
61165417797052068942932287510373436410702100877538781615988755113476995809135
82579428032063119330408453747456544638418220801617524960327811782121227492402
69216106729431286987805255408072367487807252724687445387974764756605067419267
91895299896746739964994342322324349250534162913642721715887182593184059286793
108129607536162663269290184875655836349710930157044029800548351950930123070858
109319515214178256090669974252076753593105779930353291601768764914540525145550
60758490457118187311798120132469634507842209155081988749908675622787903855171
87127556461260022117459172924099905051458197442092948646367475004816280630869
60362823439006080366550467820313994087834403432127225903539369882504490997659
80123844231814885565370068087683616522451869602063786012568809123815962064867
87529928035782497642355268667056905658940528168425583820240847326022797167071
106849959005362211029269214284827013987125999234064121321825068045910631229270
111917459570573955896673581175484041296438097424190282438492994888555159245201
106553087938363741632267613736685319131403580076268592742772849867951844201785
89918104484279726624346885951202623200906266307349550191885532171844835713865
89243114983060387750557850664032728368441437706329435354327476411467161425665
94417057302423361606672492229487103427599169387803255477701336965434010711519
84719895043301837746769253692297633932834201949553559376910563845806864433876
98618712440157306989529624492654574805416845407840360641944933450675948746970
91384962604553510573712843381440384878480076548196630643330627127744904752424
96897200378191941363376828667259071939369554393784303667209881956188941841804
109511255570739151684480876276466970673883060266111383062262813544112998868399
63400773631665758628507054015826958999228543068964931880483132812265813181194
97246484670659810156674821897525638949745725359774730138010741558290239250614
68970913868564909451026212364742431570968664753350202857223994878242927470570
66064159607114441333943780615929232238377006885770875768488690766310451618103
101483910326719732610766563184047813522234704992965404582899573982787204334192
104986139599882120639417268515214856646924770113670712194197569951617155981269
101491410804961329398319977754945848212373266213128026155424328899993641018211
101784602987671045039842828366635829783060775796110109490521559174185299969290
97379038270077228372700876363054956520433251115392642261572114637845915818382
100141819275413281258657702113355472937030375320720536803764339908058207898727
64387417290081243695770632323536916092600240515894050062009622331852827915060
59826812381111904475451117451399652759451365644811849219737701874180527655445
64226264758976394560503589437191916928259628596118293270126529427136995313465
68800507562288988366418416611077588374995466493713730101326247135397917345389
110322009724997034361936251491635836162858480837396720036072651628142832244789
63142732556025657030149021562893352536605111811403800882153956746422956358213
113521212199350682703843547985679068189034561489142480598193240602774817436811
79363286620602336035887277277052025390210400472762373540179140341837332208407
85206147974037305860080064769226854309217956895678800355279043760095486033230
102425951113000497353757795216209155536544827596557537555149878816147749693794
96926309194669924168729383393604357082055806738007885186461342408200807994446
72775961663510767657972000400663833341839239846889697651608217624556466205860
90529944862799345740017040637330214325843951996144937116122207507243564098067
65215893251678290698886535660861078304109907540015109890472437661483064859296
91228027801143571334764414220086676925094263727914306557545035164954811872269
90127235173753035835001064926907285874164657155201435255938586958967263633225
61836863559348085222762624369010881866818909122474022741792203838347883418383
91421169841722205201663877600239341228394152250303151268139566186789939721880
61465284643459476365362501096742172284956245539665619714864199495454081940888
112779576640631883699206169646426514078346829231727159387312452217517565221343
106590426755424637596135515634004547249856806068916236126414464959863486686356
115556845664838439163027127884219601123890916915059153387180488241915633963681
64083516483680927460243096608328978188817100452662872416606061692719311589135
78200338850356678430541372494760534326683362883388795056563204654206810479504
105093255708752994349014310308259156512186098954987139005679683382283319680986
73764119835357200219692874977121744644899451213494927776531467284272178215894
100861792528589250052301096283451004493065378412049149378563760303799365594538
106348456079154553272484574983891282460357389150696706292255711031996346408406
113248664977569485075726178095276041090299584939312882704158152103168613793772
61129928415031408876447993923085584765118158379576337726420689014752017593652
60589579617521896578931529412751484528740817679084675642399218853816253402448
90111759537759614141964630245134683893931219849235457247456263154917901482119
98043928011301550335188784959670042508448730498285367485444909792478668203670
65171493097323155219795845467129780794397816252695343663948415114270615693933
61980618373479283729575208521790035136905510603557807820769856838274258039966
67149395079608073772348130902456633020409293019257607942279603516522821326464
83917836039456628108230064746540795670641573030550541888711598407599836525567
112364038999956050141941285908791028298942586689630151922664529655723721335439
68442352271954581858128756702606689943109318227421893047518835354059721317108
71833888178628208000224728475606135323058845395809134648350071595920676901632
96095829281892531128678532091135645429982697330205792074132840805223386308659
87998873424777611948538135158544727611300631800382463181129534280475086318670
109111585217477811081431711045758666177234257169634377151498580097239626613741
62345184110634613663330209099197392636540023073172781975206049189767687786794
103732558105544953005127819856106575191406020762311200176691949540876941489939
76040873399696293103612274680077213653838694722816673468209827836906145232385
112283153063085219007541907677358569165365084591596381198036363595334638413788
79899486578170056407230856624602488588676179802687751132512535506305883134658
91425963685175327402296420273047093760831140769612792208747788153618922932069
102639776556795862064022885216698259663071261853376742408183911683046986485774
115328830904850800662113191956114215431999955819933667383881972339825070388890
115052239623586991132604602128646689584522325531958311458698883171047273694608
70621763361096489162117897895628218914879143782306044321631195347749251174014
76993756246153081873539081484401514504396999434540522335391079859461198378235
96542052308669012136277287333672802213735823964212134136843942998173415029573
98384902298369034957442792215207158819839942535525323475904867798116510802376
106759514390006948309314825248635317890972420503244998928631498285662302430651
62564233550221129153639353708314875482616067441966263673717755067221843532732
110518225886279035987638374802731421382671759592058184950422504005490838195695
87884802278347573674525504596384004185474349111957648074396343445391116314868
75176188079099827921283562690388973145433098176367651424904907037591492058386
71335488977650745420642694463791742593464804320124555704463062957614973033341
98122432972782616758040762124396223095656434276919775834320996646364064966897
96448999954984358443197827950149921491383418227891172913945669437470563867635
64715543741644209307887586912123853521042350048530320071111410712652164517102
106681519050375821474448658585112215284280643251567964663440360913323049583767
99736898760459053294949793150737568697687761416642208324895592261434282371222
74271990120441641941954833652643186558156853061421826586552943084988445641659
107946662153493162000581264595660473117357709624755230415780427592724478539655
106919366850376145844405259153704179675296335466856467937358003174511844201047
102103763706599538623104918448980755423716711944195352638242967301171356765992
100957019308277260599776723996576399717167702011135286804154837187035341814856
67011939000674704082890469259921476935437622344139160293071706763474583458567
107061867660095312240641011162962834265100254261458606289277007010959769151226
111383117599055855094071474399895572594288599977946772054420952016774959905640
96933530770515999856907510955343733149230007507511479416925921651077492140451
79356918308620558965046877227866224435843357400243245200654724873581633357318
79621551575475724298786410667939081142474342369579913494022598165211622048839
113719818326857109204759830889205614199012590366330942318042678895230623165655
58855862835900902858805134166002230098571541012859562421565636072600329727678
91890756148192637428288903269722050504620733135890679247571759136123135813134
113241684291282870197790436290946377625229126631447121022794039119361560332734
63314181128648514846330365522348786720093934403920166538158362555929090619233
91535977824771339140947583983072355132257957346556901559181006872987422246910
83492585575312566953943875406001419896055711383323815574354968372536971920791
108108956038734047900498088980834806562848913676397266781904937846618526224414
85061364777302613589755366673212370024767837482591313584798736452653982397709
87220375449926888466752820725262095366726407086736135488325185812589865491824
66877763389585089087799545797708253723004636979965484296171786971117674477702
100458554687414880638665404336278478490148874321425502894331554417811680301465
104251369391342784080456175951799214181161920666343945095694039791142272920308
66992634914093380075864508034260589795750366814127098102408278931315570491540
114999068165256763258539351845609004386184544216815791038308846869249825497741
89096957482028297587394944701678798770871481765717834602697648799850060333025
60460761606301452846545740948737670315269994914740303745646212478434362617196
84637401588819446136726793327794775037813843925729130776739272411520834796720
75487639145499111337216758387470751268774090462522871035451550777918770652812
98197590759575535692825200885758662210351100267086867300219737044004379076829
61053826409441571594143248220118787344650109017505644814205827240845292553034
91317975082404092831627995562936186742681827623004664784618547693177729900637
111488077854576226559719958918983391487432711451291652924920405054274902567956
88511593980535833691037023898860676402597077574230706138217012745332406815000
67318884892796375863933052190649756590534666972656764663578351583416460236708
103696449243339310624096627380666835856401063837294852327586129394790579314096
115035416210604325790826916164645413987871155793688261112525652200837296645028
113182302948618472604090166330085516018055127217853132395248676594833426148447
93429482075662026869637221022899227808251011210151381292265235888118011798414
84907407747972446998421137106937988028432979401390421009897376754024530670170
103082476812020544851089405383642218633238283560721258962679171218465838304247
77472428353683077160532689031496656650927707803603681474345767890817336404107
100628281889351331763443497046608896479841495433467955395458937826069367905955
108379745905252000562849794468413534478071072621946272427594987669864161071655
78399279845654851732380248972125329610013412192132237540707734341686374403702
93863661925366019562599959286255313643710997605637500751296428976500533548323
115508527028553345517612050901840124901418747495186364179759514593756649075528
75364444230865254783265098277364712180495464892350512048371443254453817497161
107545196695038865418055014410089774094997136390497353872673404872021979591471
93949339687872395946448576733020420217986428772832852275251380249176311682462
78488465961308785102142708701472740684315509381069776234130138394431389721641
59863578899318740624552721853896803004894292387766662001043878285454012629642
60116853025910861538908247384918707419407492895830226615289232922802935829594
109704289470624578753555305185394941168718512601893628607617072189918034580310
66633974695382103954322949568316571736718918121425470269161596537879554471842
81347754430133569156407450783490913445604017203287645242434843695167570861895
90300833153097043101171930341757571411699333487452255584731303667523386538447
73074806689592808960931360944549206599012818739356480714466736863604775935331
75449235223483945672192241596162292492776252054967968049070493013683275222265
70186239936368495589894779456176176714163869787576522376917871849146434455427
68321853382605067130295926092634435903918544953347054070625281661652363085250
86328224246661666847201243649802024927870582474904327723357128028804521031074
77539532448539693884802691749348868046033271179916016567244227802569437732812
95743714065382871534038557684540583448411348331843092057919323870262016870061
99459946755104411644144815452988979287165743371033472496589716364436462173541
70317630566757150571259066149602031091609808068366533424803786760240765138429
92149257385672946043702029906924531977154885979409559552937618616183152613338
94971369157104591460910737744313667929736458410345546047080897943803689225571
113219416545539318653385997181408167623603933749513646484361432492167062800156
99705251057665097511775106086968450645532117599110789108095427892935767717814
98819664025745518268609767791761184895250757231297703870440759192739668567095
72570458728113015961453659314264551180176185169797968575767266954089204204532
95743275172211756508313131592740480392177920050766188954628016670032521245553
71544043909955342180562010992948170948093670275801975108584364483839145276335
109535964845153183594965850457958693479960616059676427138417498787961320898909
79413633159758558983310390093487584738915257777496982499526383212917366899455
115536118958349218829870424832394335438201657050226331249227049021312878108035
76413102879055508432133226516877577761387170431859535232430367698358950553278
80150375030409983381532723587022674172061942319946752070811420888474945674746
73821616510791766724881061695326343505328065380269607900017725169368751406312
69747081188749482826460338069265564852754856781647619095959867172549070541023
115204286933010176902056371220155231249199684818440004615920640091761010999695
65546573200216500561318855038756086731309149324593182521082313447605003357178
84219860736274464687834856021027955444645994458503176428939218319151705362630
68832477643721630853252467664395575624199546932574376823273244067966119023742
101447501761526582823824040014038706984315037674046112073442364119016342604503
62851713625780771807205844636764361162830933454347952977980607893594126752275
100559038179316231815811863520733013772257915369444698491301112605084907716235
108395570103500871973583814008445963962616061167287127695326755664903014066266
64777161113394937425224566550461028938389415644998311990662733953814196055666
66145390988105621279477700001954301342000041962598045488550339115082861085986
113474204808727081145725774107051877936374154553617886447494572662350802593792
58543717583031490291631139382864188912304977532212645286054528618923756083199
105870937188567043310046421137348198370541895954970302683561312220421834818630
106441354315551755779149040968102636866135933047596569122503156943308259992949
92289027382349712120248569967952513518151161803358826873225215358760152232049
64906832767167008190277986279324213166979096095878671796508138485355596845662
90994301967343112325583143732418098546674425019349241814706428523817399141170
107722227048410531790972619437777562752458683185255167989233112801672942808689
79437937472052502545978692487299789799785009954794044763841776713883144273449
106267376921161336204199921460486643257296465557768244913280757700045623493167
101261427767071869869382284963303275062338455878085426935814155765781887657609
100035309275567443970869471784267456076899245063227128856313923888240967432778
71571600911507465670997123176927919623751256195678622872170861946340823831923
106212225676536131361897518365024575711572500953829315050124756930560066957581
102512125260114871818839035043744197613609019323058861129601367108257678176405
75972228312016811477040451616121606091662379489467826786213888356923744554492
89414221814670424880455389442732343791183772072573405862888825166619876349606
66584321714909564795851032180300143646449729806790088389557262192448476767733
60101414278733546196568466500340064582391391883012631134159752126925227450848
70423690003333724012178330470969536262021778004322080702429066422119702756196
59961394795822543909265797528130466954150480117831634053554768540664464736586
67655558707566105007861496247513439373071799504315970354275793127297586270950
107403599941460120103400761960448243571051361086903352795651356538856278464335
74429609579902938530758120862005616940044583809628247738348831746216115451665
73689693722414170137064173512409474715586013851632982240551185164383157403763
95189326284386711868793114616313734561363714934681674554456772563735518938596
73228921701026159598457642229165173564149496636505482229545796493708867044981
76126270018853053545448750360187115018554351704236778001278250522742116066096
69186728464328872460192676310247169755059662271768631020037178166250161638933
75853281355327908074552562843745105052065141054600769337684933090705050830584
65232707238631512203244883746155860142317787472131224740952275312809563877981
112432996695026981810829250318195038129002186703245428503627248741513250861985
97955014072408925538255354039291642136749116328430726033009345257466860562005
76574505776688896144158473848848610357215503908277564261469568286617502010759
97354053448635821269024843243706940797069718314898974591734358704460315353687
89139774082629164959025537956256455432398936718540343896114326268458323969105
59141324942461032339824939547904149708427687712450923801729449487406961099907
112876336110608767038738944431511921865558924796664521887817299144374147552500
86690703168378846734995403020739483447070355976024340712661530141326665012323
109070996334683381777090779557506945563348930545519915672420875305355670595458
112763346047934150873806076770286905678524098432095401208463315991615197005907
67489656353278356660499170352805479448844037003404185239014456005544645746266
102903501514252793727803136359891271479030143753395469763538251757658812929878
108197838008163607326578563764139910370795019833080225676805271699367956551843
114776631872812655251494442654530754831083261140975210300999471345398749862066
89605641356873586638341932622256677761763919349191788599687722969685807835732
89400342344840441657891291322739903580616667254013001227863583581662387927635
59705029985951607196715518024600587413999848714333829317705399219067067847172
77715214444346011479918892920401302150307955815030712957447781768503224069615
77143353975336412184261283697106436782160178676036720297945841979825361734951
78042201814289691506316936146676937980562060039947216128422134367626749346961
80808093587363105060585321294346992658347623036630496864234439283792918374927
114979406476094384175739459782013276073037061916273321224151252360086790722181
113237914978995186875094712709723859216056286748830847296988437761845690814158
104118770082482942783709201786407997478266555689214060506327512307261135831982
59991278692953270810637057675999250717597664875836765321218044835860926391042
103423050846250597216436935782130264170969945628604709489850680028885670110887
109292753557148312722324081689972438666648615992542425082262154053096307298429
104795425268185249400641089583868251208117366817341874482471538259217120264121
68130798196096942767693642416412823708262444027666587690104658580217167918068
72587212424949366485528641272925456011126193425395847323176779932894809060721
90928571721618184964532261893676337628539390085148252649405776253086844474149
115593046229549852098511039820383282274878687305014482657462005931932175174533
70385016005479146337673226653605295775057707289071475991228350731934680522122
97244816764622706274584364708974028228292927671296921671226489386010563172110
89229895771765214604637473088074475026761019987502013033358070582287214351555
75176901957877312403234236154737680395327178418671088320017711068727091414434
79746748790597960697967608282136455837599812697729410967512540671800142299126
94947017773137078092007592909896084304239864617846581370736135670342309284803
72876229819217766044458813804278623062022455867705914534471141220209394076094
77468557551504467490188143773374778500241854734024963478768158536253332166137
79698103945524904221201128692745507412754839486421081334146677328318126639295
115148830000509925265230452911609044130411894933184251563586954369039883050348
94982434321852040520206810861046667382465802945470072823242003955451071997379
61482596362912733623171944442826595168364188326702348022301406912557097218748
69269644031874464764438502659529227250188676842311569587663791973034213141544
101914039359354652463607873769375085399636166958889676264143833992311653664235
77759222668342829918892571381333221049568243861682579380147737560201318328602
105595181855287349035272075025510843466853925647920018194577458819488469294745
75824594465825608278279378722962750039207984703174567903824947780333898142243
111593440095174186928384871480125050646026641234786133583438089038538893222171
67914904493353470889193405340134477356598949724441452108759091106939616836535
90029757231950431724724548477669725773646185214032862287983601602569614199481
61533622234047080437972103972597141903471975890491567220529924049024931926279
94493305899944970311411190408896884716095475782457292554717673919807744016956
113974641702028786627016243658889266674958180881166642078593327304844495682705
104269855580555737641396620330382185197582937345708579780516539373652804857111
60291503965170771866570695080546915530309408954006087491614988648382826207948
102243162970351950153585974767386550637216504351072442228325107814290352212030
90897189956195657454712826624167505718695763086113358363964622648612542721347
93903764780318990388541528066357694399507171193160531480533844173175335195979
112873065454347089733965739703472771402891396419896202911390587987778030796998
65894694091251461827001265534491048493144305629954554009717226863918723127413
91754633788418643725325010670916387276905001619980010184484229238389266605655
94738116222040489436748195271004558221535358077065114279090921416988769982892
109470309827861377628821944338104334977220884296640954682011121408725451276892
109391053824161671842952822706367823195797849370595407237144430746058482959421
59298474775626589561286487960665843935386628110230892852745961761154210635663
97560154847391473010171380461653909805759852051447609815489110590856075979979
87720302872857653035213388372236562417971111093752395894448000544451822639906
67384132320070791562625568178462820890547049204014352910927818715002981318173
90882573527720507900716412211681734797649756840220078604737995340105154825689
99831438228035345392013449763094240327019545727878681447545908189629567933384
107303657907540356358614231634318091022202376671434204530364360419178791860951
60729794683909852646219765857165048592644148057382160698852094711489416374135
96404235536576209476549320927044835582927779747441341674142313093284036516037
98851768072958464356133616379594565134778605185811907954627024121641106604201
106022091023692457088304163982142800558331986555688604611071006349976116738580
98818833531204048237734668814190082272880178409985979682041263854911354953466
59631779615859969188587549951892475749609114248673229857243724772465561246752
84580931039129971556888851858271820386047506725987873953911744663210339163749
85745431807051586338436809364540436528015727939106732022434800580997879520262
80674238531217153663939433235347575876381715785480781325175325456086097613499
74540956304193308562030465846790507615786325853991677640702030348958027295297
95343621556343501534665879533902839329214968072541854312616957009069804087500
91241691516944748227497448367339669046669154528070071576707434351435415378710
75191271937861747702465676940171343070649109302253667967026895701844439740912
72636978661528338241684697899310130614612524156784145964713611579019257620530
87152829624810745855139952356958326267399140674256175574330516157613490057451
61636730421650411301415104024374678640870011073916441839241237027040782926896
107157186188962422519770180833101526381322924257278046165453026796831602841305
99481053136212843491373186788370200063203424156867520130388778618702132530290
74389143132810275404642175229244866135387376873909675529089022111761183758099
88385850635812942303035329800992090947484994980825025271453642830174928335088
71194834391433823104373264056389040855912533102377648218922104533874501767485
77626278787161778692940852238103386771908608767139651660325506973038425083991
87035343977665073034399524861686200004566039484594606416696434441219958999183
76091913036411687545465470745853656418893627050731773111807980474506229434220
99739916186090676108616367922989132367234350238980284793695154110129725993575
115568852261537921993306591474077450132250705938402597467526749495319937997512
107375553939524607201630570822711453111133771446808429405111588211984991550754
105022241587771094646173917558662671622564759552252295629899233863398865676533
83234572738180725009029323223095332732919897659924416820233835058572388911044
92379287110065232704749874920195102272757583495682285835107380847950359716120
107493423586733333952789379299050602281073984874482152149788463581654608882231
103103090191210256616940622687207118938170881164398803015248181874247948412052
96159096958644544555002649098419316725898256281836139942348560451679196209884
79366859506736397215045380221655461907703901759051485295390873548031566854178
99052883751994086004052252897224562661725997364771670727435738754096390806017
114641528309846902210642997233748955804421511690294530382178327357197893288076
109224360483458190558938325362371812654525261113912857692211234626577352075827
108358161771886705838190230114002242189357838279611519461340021635670080682086
87549771639899686629924101477236113742665892559553601661658749184969980968192
91101337142286460724241173486576124816802776396094795203580307944225339836677
69842359633120571329980721316297080531546321197050394355822967324336509151426
95380138158702370255222006088031062147931845198917273965844480987491686562389
81856848913336098598447312195669337173214321263367172594603722205384482587569
85012385441060612703720385720062967037032758105414366681403352489965707754929
106567325144849038734991869446531448763478285766613017271307086741571328592022
64143064212328247996786334386477360366328623187558865195014444942495491953586
81915841061828374608915979432630985302201209509494548700092961226700698752276
65972572675383504075956599559839681108157619001771693741846601031905691961240
72765901915522751942201575008531762916360244744036521600851545626399971154942
101895308660809769408664071605883439218360173660612618229226007268284257464711
80329286340937547351312556906514290063785490299299989424596471537943601261511
77247448586771420620125246565016418123948885808324231324922358243621366043335
66593957534457350077428566875089193460761488410981542706869493465728525040907
67026198108592394843056774490597968495321312218726432787040505315116001336244
67833524005777851719669110636871549409222056576810267694222019093449987128939
62824733507416949127780857519614825716871845861421528812145276565115122339819
105980875463248804833253221854257967222495224887434436671221646065777805020785
101653649482939759421957567640179695118737614745279793824463581267599055129376
93840879331438091607398161615758780114837655687724307374818514982029380859869
82693227071875188629154539105226170841789162040295348901584657871342633762395
81244707155829744950940702959112714684825515162538527545569688831283274934324
87005581142454684768801323442320878564467129360268059887513091389391685587784
98472246268005782119947795668624923541623837811457073374912139194507162829492
106967825282033241563897554436489721574659181181182748060201772243427865186761
92440048756247332019592553495489998597132040509832641750288158490242649413388
77865952512181838746050028389960333681232631218389807949118406709069093696411
63226968045272298461092535140499229689653105094426149806262487410266988007209
108050854271740587492353709221310851465247514930628621937043995890934331745042
91383549657635051773017137694033797399314238952992476743646982209271378539414
67125996053171448738721499134761124362652499505046623831328722731519283234356
104228261928795360410546858509332768703390872731180574325089604560982012518360
59741771119777934347079642319054004472050917869849276302335921249467374616726
69575746120522056617038040103657294262593254825823353117035758014362689010173
74653245482854543472408444366922806640038819707264785889120521876666945158760
88338076216345393235226073403515329704968925909059562579874745216267102454571
97910175934966612897669319558591217036240115294942643085035094221045925695423
64610333856352005109571575425752947958762129711335378420390805505159652610309
101543169669640737063332615010461365235920479801183222264301216871458759702849
79097044274412830834371418559042038513958410389330370229703788590555724395098
67440345477070232962977462473961813433495568095152360479124943722153567174981
59798001913717010752309663083286424398807036583457552264285548033506172073968
97010020659179360513511791511955267669897671371421184867785355491313590863893
93990119580136476572435616392187063375675826764677888957029918213717922613214
74742968062326425577297548284852826636056483388436006488770000466067755116957
76362477248236635697824711590625392959812211968064899820686323067682205138890
85475178156154392153477674462234919586647982920257830405804499351614099177368
95073065281915728703568240961595799965974013441500354279145215092636163216016
102252658036850715214390307436018487661427899598381391055961953745430820143850
94663955750205229521463466312485694134802118407750949025236220173213650254090
61395855763612049297216905802592258854470861301164404555836779591422451803965
67991056385839682731139464946416941844059305433785625725898956059301498234511
68974831327999732595805782633185222132814758694403790059049561207390726595047
74563268650845942246623988679281602795098053252202674284542016028318960245756
99419667986215958646137598628006559056487894711674437881455147817465964839124
91706794602779868686134261243638847605123009536948353851688091381259798358818
102039295807556532216904625968182415301765810105063343529549229229664977578987
66508221078979559330787742503922476665644675714766935637676292390982023820565
94902498365211424557160109390967175229182037784479665861514694554922254872880
106622811012637344259092508095342537572866206754944956088930149900932930311633
81850081824956503115723293344081741008179063565528876302643665600939802492238
101248375020892668635777138821647006244200705955280098114192207841934386310104
84669534926036902210303413451727046405742960146850021690707401204161440434110
105813958581746194572076310652933501390346732784571454848321735447290732310908
92912381888457612096408955527148123081098441380726729861226014352926878528035
72711917943686389315376234463686183065265139929910439425913016299177954058136
96884712491875214105778524085692668242301494483408571058165413000038968494706
67910222261467399324888267473755640514773190691543168428264316296431718704812
69122860931742254164979739622560105087240447039016605872638267623112257051366
102553862186575416285728719502790681971486959549052482692174533402526621088797
86426388363460746691749660847801012071450098369392425586576673180452311060240
87419802727752770930044424996333835521030700229367435855882621220420533878770
67425980171361750974914373521783470995518145460239173673170602215398730559617
81764991786742261573674450326264131335911410560714654593114466017503043763996
75650929267998657858172071447980161510345553035041388165385411573619061979205
83510593456003950972880161169056492752098193904199190387227635888009830712947
89613856543180640703362309923125288342710223826701657942687804327740342672489
74468246094299338336799683230941195363718978485272358483786140235245636997653
99619580384445621458707902201338380084484132736889520639280018505405585194839
64372818231352576799913882958114374197282348489966736364028061802697188888717
83489929381802920710202820173851134692567428805714665101956619410785141273140
87829692676702222339108255519541651875954838508168156092317010395660891531557
91589872326371760920684964825058822639512991698461486779923559673394384755606
87536037247337254536417129840038682085939538639387793846209476392094435187128
114733575061465606228408433904267394215009703856370519718880183221320140799122
91561646122175797901358600021354772717956960428458678662102891638843275978693
100937224514399302419657090992823520000039005837619653232973597429237085464414
83468619134885670215655941939880149901655041458840850229479009481674283215051
82764401511207192712779847668220888821359883082311190594352424387426720697081
108937466284187708322010001848635561253641036200567568943629719486486428229994
115144777400799980168057328227161853601972512524633722147918152875551586602510
65606378991377445401733520459266048602156304179151764228609701603333195767704
69157117324826833663538712706835895196867014277023629694357718268881552680846
71392838397567277772111617401744697262232466916965797137225707895888754031958
68197877629045182645620212350002828348963706148767932174951316114354720655705
91030988547611210920702224694240225775049928424402627143703090382376846809131
62156433286584995483384281984528050701827441010157078851470587757798194124472
60030040092588061412934398382682038058805145223128805967509004185225807555521
87560329093015577649935149793328195651921247101293887042065416890318425152672
82591416638285877459228239846707157841931805532760371016261203835316062725302
65084614650011103999451168353938153795138573831852052992799053333820219947130
81937999075349856427391038315628790229350637551215581963510506468419566956610
66608403007380575027166336583909997810423461175120777998251567859980636221252
73766304267835746635523730921786550865496704234622754211734282266245792124706
75418591682203437300629266204083031528133707919684820968737925189472037903919
81562712675200578779338044715170607842493278306527660120430818490441857337522
67259715620191960874105511389150212112084710810954953042621245274752176155340
61549791909179937437015046164588720011045898059166515095275631133812005694250
63442843448637637349359460309476494336673713386052599704759836269199178170393
78896294406452720787108495231524396801763310785834551949071520484160475559881
111013295750546091042188068880238327278514188746068812301637078558302383892934
83847232494162470519724671581822773443594601629854137351954135544218270095014
61437405111224659201196024004397529681198244557447660341296241376398114482492
70722059631927198155343478695468524306570509778080429573641204174215551934463
106248000343658753363563299267523655990896113575129297650288789149801380789565
84540494665195294263105738456100510441344609555018034275882565620675395500516
74097585388775414202385895081227020223449864801630714263385142484830606158866
91358485754246081211008389802581315030375768445419471815244506773539303661596
81126585389938049318949529460885506731129331730200164810007771416306628569391
82634538265235627985917757201178386958344174180438755180277496517493570086852
88899624935904492734433901912071223820473457935010894438050166114162861834138
82403425377298375826702024184131952628464830686717454364422915257825199251493
101119807887992985154737917278931284098477991132178114766463636909210919879871
86856042068755619879924585795313837035260281683467302332639936479053770213326
114070015805268803386805491001133764693148060325183441939188125604263674331917
115246293180741044411480092540442475182347924266193202042359804229511808002149
72507245389826470839465772547604559202480077017019283915110801083015784385806
98359825215337785352783740107118261520495278786842570492756630381531366544450
101625243661291536847384328755207107754710791496928324827623475266205957525043
111696721689580063364217813102114665488244892925170797726987154697281212881194
106779174010828142232643360298088479132906376309807651964278409647459712168415
98960804866638595972646660337785962424923913092885683096432224183178689665631
69407441887786154199105080846024756650692738857347188665120575761451910161041
100759693894793886474055944035399893672999776228418815055870632237501386640305
109941138148357980743088958920764594524611789239023063235031105197119153828781
87479926557008547628091834104463491498423464847324800683110831126961323802337
76961796169710793978781911429743094558102088689044457685083591143595183180659
77418119263784904437755342675995353115241655411180924821951799565893705462438
108282717718415431475230361853785698729206960402529173493472701528054878064100
80929049913631857107385096325284901218527596709906412093633942464100234487995
61330057047790018781804997216344615716375077130450577907317905057424716770702
64028075794833470121019122555694234713473481697252968550412749050935611221755
77788416602871149788137672369340385398164268098734673670734465817840509110938
77144401521144795492033142884010225004128557088443467494624668740172206273983
93329573099662438325235668501041097329024697974163991803546928137626438647366
77034548062202178159719001778571832359998391615753239112000896137572808128114
66620216916664395706320355385104728349495420202138199053763432777067060377746
84292700490333396654703516102865207250267693195118244695551630293330165014504
81787352288943966726430721061563238193502059907278361730078841100863519635648
79436102775846252785413327471421643734308021879948581348280758873000473364740
104589127918071483212289293615563921983767020629458676532549071829113173793781
98642909244805272704172291715439270782422113231841295437382545955042238930434
87958044580870173552645296366427168482816749813275627712767386046567226479446
63445781459850830805745838679570659740012774400736598285639224379870223958274
109749495420179732944875082497615507264690504084076899188492908580524478362702
78388089047495417413538289666958566946565372156865189164486733230885161782246
91690627606420742983406123978009525719389796262598735791661178736535869449038
84896975909968950806975681346827112837954006807965351479248885126058095439900
101094894256578323293637206383827742604205470047915641568546152889580086457873
96455491508834893110779986345414547936067431639306416359911185057121874219375
74678644575394997502887570011316525164102869479051775232798491491226350337675
101715400428438128824080896913503957148448825006270052022043055789495680247346
104675290215403353641535155285865017084114651656271709399239624982051948632227
60839998203947687090620236986662210618561380756747508658892822743050399428373
112782802737474342623522956319707033502124827564217721136400683123031675918448
71090576113269103399923921106526835847099248026603986106130090766271956158607
112396024974666008137944724625372261600085256863581138267124335392835865812060
86564448860325535372741035213283696053620667057091304376964534190823592402515
64752600780011684128776952637096125955245244325933382353933953795075694091804
63875064390253424765967323233955844769276979760574127434518261366867919448735
78455063128672548943613009097653178634424100528189372284036122297761590517273
63926390694162812896830655418949252558459493398868896962438101840338442760001
98560403226585968948305613444198819715099321632210837142005418130659380783810
62286404663958943857010876906557359621492816229506760909034492658790453210708
82641220183136136851440893957303842487735044701845182416518344862144395112407
71212317353700543763203556877909707001797710220904131452308061372171787768319
62306387411564294281516233039349566690257726141981572361598893177485624322561
60876715394485538857036460751078976145552246027166371457020021184147386221135
103564009746781473786141738087130420953662747832583772160038745254734645836958
91160356083470353243425335955755470586413832348772363212441117388488627160840
99289898307259402461043655780642957537509996144620746966673163634305030113627
102056430894075946104025344806094964308717835159864627138595038664374918109449
71506287434011372279050671746379544494349339447998411961577617557028315130255
98391777422757301796585269817410989846875185203029025039069174698537291301892
58292506067790772171453184002288780213095624684484810280267137112005493624590
78097733098341547714308256250150511042184334732877818333098778181839394929014
86305827428250674213427246314186810502077930011119970283346031735391066051271
72258583078255867556699361824813530091258213502379257944844464237256926320317
70993181212187699360202856194157792505791685302911865063409708970900333965869
92970057743242377158220829346649918762486651926929374679073283287441723757372
58244851008232959440838468418081335883493199907468912668376932006513566103158
80711284238029954858318108375684999102735038783022524237547346655863096452957
73250408965485214770055355590567167048675727548780617484028894335177704712100
95946796194035930741215859632894514814753749144281023706213406190934641506269
115562406719132044001911375467799273401119708437265552954158071562843475117817
58853063687319873689160510229292344437885672453106291093225621844521025929678
62664812006261221302533188719151931513161710394360367273453088121646554814167
105419783191858274075954731348734754550758345439475484665705697139571450534671
93311580235472464731498285228888160776003174112034990881659491566113602704164
61698705600420913197756852961409128603090007615586993743782615478699389016599
110821031691643318540691872582038898877030086240027044287764659983818285072293
89911414869210031254477787204592597644618148447301390711599483897679713987855
60055948187530915984799954804515646805953544253747412835767010454215018198422
113620807360930611232244471676781015495086143976536281504850906169298353752849
82629660667257997004894455707550023939601630148318301825930477433082707753282
70088119828250196911747492196176166210116355305749637735887058857450187376314
59981707794112006643528079824060280154349889579256756983712890463848114571395
106507534331679722932880442971725295126082160009102543253146611854272079753727
112793272269102221079933315157809134056586289055649516154473687860781733670286
70888340998542218987776056938201794360538082844074798653120487746428319726358
70144924008757737604970679020251123910901955964529386150490618411911723613543
89994285663966005079613669828108546499333795827245712374302506083907165191323
87647342469439069989110111484698533264542027507217812659886558333667826112196
96968109897103899319896800175920190501723979726548789954824790312596962955302
101115225284389213986430604467827613693360742359226636929688823887805368856297
108198730171455560824781941322882730044803717193217768798620696142948114600182
109588569058556983665329378721423672728078733858476665659897706902280252277374
81649908261244466417759284711233927221445946597524885666824754619870433540111
81489466402359006465558500299521237665654804033980375665601020641493882882946
111652471520981539015327528060482709219088396602803741596203767355926122803225
93592540783320472369728132876918633696687804582833241942731129191148593257449
106101229782582614370514229320906955059970990759205108909435287020384625596160
115533276764405073423871487555004536443170232391067666335411513694319098165913
104818113160927967650922582769986722414329569506943031258533559621736264879950
110053728966478829014642310534312953214185376885228956455402622344987542334577
85026026375579475170207476021802240771064107397090317431114109179630208298977
75728779343802410555247177839542230350264302749744857505338625036225350378943
60598725769092340368900328968294657171003074801023504413670877024671191725339
111721776931444773655850208868903941832585894971378428939653402111910733190698
110839736812584299024793004554221967232932625842053289401110752549205376394739
89166495136943104849405655148829046390557448508122581176401702943553378669724
97187511706956813604774303241036873880910379800388342058713025423095854964570
109382109368818614424457247194802533548163418928261628133982067314419634482911
84862705087712928524887642762172517493884193596401525441161825389055321920317
69123543219627255487108534877352644581141632561885894428370922582423076996509
83139313551963000977689665034314498784993582940978501255326808731884150481685
60435200830499091654656076793820848171633100013417857777345412312710970300909
75934745567437816914044697241835522811485508260310749673409520647463247780669
93204380744709640612279729330518681841345775108021903991699332161870188110200
69715959330216055579393563844405359357036909534740720939815906020098877406237
75169488485293654851329944004535687598490176825380197379610732291199316048202
72434167051816135899601631470318762912329626389769428178293676165818668081553
63409593830448390899320957789178068995968309075147560073928729023759789276824
81139522020506153043170457686142160232830922620178913265705031223037740707687
105620128259379950814868895596552410699388210947460327774420622817885855794670
107687697450229203384315486726837739704589379613834455062536243830707244871631
114739751705301886763640140960370355984648236078206842267775196987755284158743
61433326796669433178228730857558124480367654084928259422428120591842676195302
105722963748578269509886683418912429043208211915179190359063601611707378325155
95102359572973467294351395345457100813217286212770216628496102956737467267225
104439645561863821715214927075657042442890141331204376883809926669633528621954
94079971886934573287954500838608912156039358732409788299297619603552752892413
78737731339352190298509973155107235081388348184025959625515407683237807905538
98510087862487630810979283455716936358338976324204539042967392994071033154776
60011637150759108633198010808735059614942394425101401247344778526805570603610
66092123931742355206901712258503254921181225026928652555346450806118750030611
105698424901619373773249901744668773655608847847228824156316562086982178935559
75626140996138268350956748565635198470828350308746318356594348251547372014454
67284496012769232530813923506011853128650489629592313825174874937627397236979
94637505502789710679505904234397070678154818394694262800282337589073312460370
73466490055364372813465988139076948172480064718505309466127596046413699272248
74614437163336089324604455896951791922684840957594756902147254486570650279416
72408915703895892138710022297072290628561298923367198850286482315991504727438
103336787083091810707588931844545298552593666004419366341730597730318512623818
101784095216082530894519928450064814288637629925885266263897576980418802208364
87528633303094255410851123809370833018822974006511763458126606494562828507440
81289548526103968475357103992232484194435845033696999744882521531089817287942
115143292654128950125548561268443475841373190885442594896857689378986930348589
99844567304092566309323161379300197208258553187589568421592618869093765246739
58062398659200346776177722755886139280958458110332627633761995037658352697289
106610979591563768854673843138048029138690858196765350289291164132702400876026
96848785731613735815688788586842482317418970385848011157991262230188643832481
107083397803447491477765142618887478411615925188601874348898196573772039008896
65922261728477724884705054229182860351104520409875669925273734457725817315710
100733075787594424507521858062236551560872963241874611168999948262734780699717
107767264503981182356034746441061778217692982059666643650357311494665177733601
101617470030168796340088016348631129400527379635549427208103013541206160108040
61889494347866597820015956483218764513742918746322702386668026566882317557289
97000436266599557964776423123083857237315731762836260168311153486146526423292
95662377874797376095190894608672873240388181218917724535284506683628272622347
60894895330818449975691111301794603811945955296611064826811686924202951962720
59487239054091998905801888427702348626050662244625899454305244222556873834965
109136758359164573109424332390045484145053842650542291634159954242396941586159
97620251588852068984713185879814011736022438506251046555867136296830035807774
97443604932933265235240798226775503257323307721769973672233181262980980504195
64095703157535438504482708904780886027857654202471508505198061951384177840429
89345245117794867419606179351119471069179446243051124011686565739431619671385
78435582438987910062938792095405391656679977188787235128880860004268696975531
75736882793567774432247719450530981160784927008644437907843393133778265890655
101480950680469676954288395862261490880146081112410778721395210880619059039199
92099294353996994341229784995783018681588063856207107801590705377765000232939
102948361516435199317861600524020027652881724645303090400439947107959630764263
106061429292145828219104133106352752673303467192625910738132456016392772014198
98636978957307006800447180433358625636935972425792641552807996396882606126391
114633321693894407441346271757613802185987118612576564691857092714920374753796
63576892243031416654397556025001065953974850457218673276806351627023904113687
101623943254550389548249962181746528293388864694138965414670607483389718448231
96090318393848632978734887577678566518374279319493190206104456558517359653536
62677710478164118323796165769700063704645807916506324785117732087245275798150
106464466588981015401447983013922115075866738298840416933880198482543184325303
89277053201834397325013981743813131702735552545039492879273482994980721079383
109650433484190000694759072535672150835440115086563031039185344972701365660255
95486990523489771296228849447317654523259596590999338529368465951697736453761
79353582983014813008714845698160862374585978178085194262928902032836017786693
88287629056701696707928670649510300583285590036966451599787514893630220064547
65757801246226513375297960124405615736585561463510126117300916708669958252539
75332484856594240208642699209107124551570681047737981892960361927089947918924
110316339469076634469092121892322094781845508440657051284270394983927657302464
59259147714112626202893608081361895968937519995500618764555558264598315640232
84438866823463851594125900129189782628006030114846467790817167747915055250730
65547571330650805283895999275423172683964363763003875742858922135941852820599
68670692272465699787248209845173372460242767603877500973147965301874157434180
68459547595452323885470259809105403112861482389759453597399959018171463458294
97811870745861066046972552592224743722534180141347011748874798145588226087386
63832705807773240284211530808906172406821631310144855969214595858189149051953
66199391444124935144513171538526792758100569525478312168015372448953312372899
60788136299563160322296966042215265978274010983707189235235714682511637197808
92866852035093879856589024199172819185190076478079298707504473141633220827431
76023576649680097138662349309197680194712232917662731418140252658857791734938
69049289010275049425628914945458696399881071612628349818988079669849533210068
91398815648320259190724952072054831061349159066742629798828127979784323373253
95284086501571790832686013492339218430649306368082372919809188588785615071529
67783274257105488795792726964859407760865436930091187900694613285455425974208
108445071326311129512067962575877740498279547803111361592017631768699521882030
100487245401576291181377995265910649351075721599577884744309101681058246902766
93346205826132949118156085121324475608061031745362691743451037002465833568447
89294655317737368019881435871382815338412508772461892479215458649620148771670
63703871565770127170276030235269729659031524844979432348339144871482748560745
95677286365218786099817501199171563541530612483153014430823417372420052311495
71816749250187182286729317648865650210252985348106686265485418560643651945629
74494821737071319481950687574926245493022541902955080263433091714983109228101
106297094704866154369726090264851058818789242155909304126412875296009144386290
92978210867298921418286318927871119502647521589638157325609504528987880999705
114416189629298268613575061756455669364399133145102877480266419731938645105230
97834056839301773217158286682251794795099947773243644848220729995793544796877
105927810710500823259305813690421270420513533843953338895974724985465046717189
105214249253069738754346894349550421842499916083335493106872208560247186015516
